<?xml version="1.0" encoding="UTF-8"?>
<map version="1.8" tiledversion="1.8.4" orientation="orthogonal" renderorder="right-down" width="150" height="100" tilewidth="32" tileheight="32" infinite="0" nextlayerid="2" nextobjectid="1">
 <tileset firstgid="1" source="lhc.tsx"/>
 <tileset firstgid="749" source="ground.tsx"/>
 <tileset firstgid="1267" source="sac.tsx"/>
 <tileset firstgid="1980" source="road.tsx"/>
 <tileset firstgid="3904" source="lib.tsx"/>
 <tileset firstgid="4584" source="girnar.tsx"/>
 <tileset firstgid="5297" source="d16.tsx"/>
 <tileset firstgid="6000" source="grass.tsx"/>
 <tileset firstgid="6036" source="himadri.tsx"/>
 <tileset firstgid="6850" source="color 2.tsx"/>
 <tileset firstgid="6890" source="color 1.tsx"/>
 <tileset firstgid="6930" source="color 3.tsx"/>
 <layer id="1" name="Tile Layer 1" width="150" height="100">
  <data encoding="csv">
6902,6902,6902,6902,6902,6902,6902,6902,6902,6902,6902,6902,6902,6902,6902,6902,6902,6902,6902,6902,6902,6902,6902,6902,6902,6902,6902,6902,6865,6865,6862,6862,6862,6862,6862,6862,6862,6862,6862,6862,6860,6860,6860,6860,6860,6860,6860,6860,6860,6860,6860,6860,6860,6860,6860,6860,6860,6860,6860,6860,6860,6860,6860,6860,6860,6860,6860,6860,6860,6860,6860,6865,6865,6865,6865,6865,6865,6865,6865,6865,6865,6865,6865,6865,6865,6865,6865,6865,6865,6865,6865,6865,6865,6865,6865,6865,6865,6865,6865,6865,6865,6865,6865,6865,6865,6865,6865,6865,6865,6865,6865,6865,6865,6865,6865,6865,6865,6865,6865,6865,6862,6862,6862,6862,6862,6862,6862,6862,6862,6862,6865,6865,6865,6865,6865,6865,6865,6865,6865,6865,6865,6865,6865,6865,6865,6865,6865,6865,6865,6865,
6902,6902,6902,6902,6902,6902,6902,6902,6902,6902,6902,6902,6902,6902,6902,6902,6902,6902,6902,6902,6902,6902,6902,6902,6902,6902,6902,6902,6865,6865,6862,6862,6862,6862,6862,6862,6862,6862,6862,6862,6860,6860,6860,6860,6860,6860,6860,6860,6860,6860,6860,6860,6860,6860,6860,6860,6860,6860,6860,6860,6860,6860,6860,6860,6860,6860,6860,6860,6860,6860,6860,6865,6865,6865,6865,6865,6865,6865,6865,6865,6865,6865,6865,6865,6865,6865,6865,6865,6865,6865,6865,6865,6865,6865,6865,6865,6865,6865,6865,6865,6865,6865,6865,6865,6865,6865,6865,6865,6865,6865,6865,6865,6865,6865,6865,6865,6865,6865,6865,6865,6862,6862,6862,6862,6862,6862,6862,6862,6862,6862,6865,6865,6865,6865,6865,6865,6865,6865,6865,6865,6865,6865,6865,6865,6865,6865,6865,6865,6865,6865,
6902,6902,6902,6902,6902,6902,6902,6902,6902,6902,6902,6902,6902,6902,6902,6902,6902,6902,6902,6902,6902,6902,6902,6902,6902,6902,6902,6902,6865,6865,6862,6862,6862,6862,6862,6862,6862,6862,6862,6862,6860,6860,6860,6860,6860,6860,6860,6860,6860,6860,6860,6860,6860,6860,6860,6860,6860,6860,6860,6860,6860,6860,6860,6860,6860,6860,6860,6860,6860,6860,6860,6865,6865,6865,6865,6865,6865,6865,6865,6865,6865,6865,6865,6865,6865,6865,6865,6865,6865,6865,6865,6865,6865,6865,6865,6865,6865,6865,6865,6865,6865,6865,6865,6865,6865,6865,6865,6865,6865,6865,6865,6865,6865,6865,6865,6865,6865,6865,6865,6865,6862,6862,6862,6862,6862,6862,6862,6862,6862,6862,6865,6865,6865,6865,6865,6865,6865,6865,6865,6865,6865,6865,6865,6865,6865,6865,6865,6865,6865,6865,
6902,6902,6902,6902,6902,6902,6902,6902,6902,6902,6902,6902,6902,6902,6902,6902,6902,6902,6902,6902,6902,6902,6902,6902,6902,6902,6902,6902,6865,6865,6862,6862,6862,6862,6862,6862,6862,6862,6862,6862,6860,6860,6860,6860,6860,6860,6860,6860,6860,6860,6860,6860,6860,6860,6860,6860,6860,6860,6860,6860,6860,6860,6860,6860,6860,6860,6860,6860,6860,6860,6860,6865,6865,6865,6865,6865,6865,6865,6865,6865,6865,6865,6865,6865,6865,6865,6865,6865,6865,6865,6865,6865,6865,6865,6865,6865,6865,6865,6865,6865,6865,6865,6865,6865,6865,6865,6865,6865,6865,6865,6865,6865,6865,6865,6865,6865,6865,6865,6865,6865,6862,6862,6862,6862,6862,6862,6862,6862,6862,6862,6865,6865,6865,6865,6865,6865,6865,6865,6865,6865,6865,6865,6865,6865,6865,6865,6865,6865,6865,6865,
6902,6902,6902,6902,6902,6902,6902,6902,6902,6902,6902,6902,6902,6902,6902,6902,6902,6902,6902,6902,6902,6902,6902,6902,6902,6902,6902,6902,6865,6865,6862,6862,6862,6862,6862,6862,6862,6862,6862,6862,6860,6860,6860,6860,6860,6860,6860,6860,6860,6860,6860,6860,6860,6860,6860,6860,6860,6860,6860,6860,6860,6860,6860,6860,6860,6860,6860,6860,6860,6860,6860,6865,6865,6865,6865,6865,6865,6938,6938,6938,6938,6938,6938,6938,6938,6938,6938,6938,6938,6938,6938,6938,6938,6938,6938,6938,6938,6938,6938,6938,6938,6938,6938,6938,6938,6938,6938,6938,6938,6938,6938,6865,6865,6865,6865,6865,6865,6865,6865,6865,6862,6862,6862,6862,6862,6862,6862,6862,6862,6862,6865,6865,6865,6865,6865,6865,6865,6865,6865,6865,6865,6865,6865,6865,6865,6865,6865,6865,6865,6865,
6902,6902,6902,6902,6902,6902,6902,6902,6902,6902,6902,6902,6902,6902,6902,6902,6902,6902,6902,6902,6902,6902,6902,6902,6902,6902,6902,6902,6865,6865,6862,6862,6862,6862,6862,6862,6862,6862,6862,6862,6860,6860,6860,6860,6860,6860,6860,6860,6860,6860,6860,6860,6860,6860,6860,6860,6860,6860,6860,6860,6860,6860,6860,6860,6860,6860,6860,6860,6860,6860,6860,6865,6865,6865,6865,6865,6865,6938,6938,6938,6938,6938,6938,6938,6938,6938,6938,6938,6938,6938,6938,6938,6938,6938,6938,6938,6938,6938,6938,6938,6938,6938,6938,6938,6938,6938,6938,6938,6938,6938,6938,6865,6865,6865,6865,6865,6865,6865,6865,6865,6862,6862,6862,6862,6862,6862,6862,6862,6862,6862,6865,6865,6865,6865,6865,6865,6865,6865,6865,6865,6865,6865,6865,6865,6865,6865,6865,6865,6865,6865,
6902,6902,6902,6902,6902,6902,6902,6902,6902,6902,6902,6902,6902,6902,6902,6902,6902,6902,6902,6902,6902,6902,6902,6902,6902,6902,6902,6902,6865,6865,6862,6862,6862,6862,6862,6862,6862,6862,6862,6862,6860,6860,6860,6860,6860,6860,6860,6860,6860,6860,6860,6860,6860,6860,6860,6860,6860,6860,6860,6860,6860,6860,6860,6860,6860,6860,6860,6860,6860,6860,6860,6865,6865,6865,6865,6865,6865,6938,6938,6938,6938,6938,6938,6938,6938,6938,6938,6938,6938,6938,6938,6938,6938,6938,6938,6938,6938,6938,6938,6938,6938,6938,6938,6938,6938,6938,6938,6938,6938,6938,6938,6865,6865,6865,6865,6865,6865,6865,6865,6865,6862,6862,6862,6862,6862,6862,6862,6862,6862,6862,6865,6865,6865,6865,6865,6865,6865,6865,6865,6865,6865,6865,6865,6865,6865,6865,6865,6865,6865,6865,
6902,6902,6902,6902,6902,6902,6902,6902,6902,6902,6902,6902,6902,6902,6902,6902,6902,6902,6902,6902,6902,6902,6902,6902,6902,6902,6902,6902,6865,6865,6862,6862,6862,6862,6862,6862,6862,6862,6862,6862,6860,6860,6860,6860,6860,6860,6860,6860,6860,6860,6860,6860,6860,6860,6860,6860,6860,6860,6860,6860,6860,6860,6860,6860,6860,6860,6860,6860,6860,6860,6860,6865,6865,6865,6865,6865,6865,6938,6938,6938,6938,6938,6938,6938,6938,6938,6938,6938,6938,6938,6938,6938,6938,6938,6938,6938,6938,6938,6938,6938,6938,6938,6938,6938,6938,6938,6938,6938,6938,6938,6938,6865,6865,6865,6865,6865,6865,6865,6865,6865,6862,6862,6862,6862,6862,6862,6862,6862,6862,6862,6865,6865,6865,6865,6865,6865,6865,6865,6865,6865,6865,6865,6865,6865,6865,6865,6865,6865,6865,6865,
6902,6902,6902,6902,6902,6902,6902,6902,6902,6902,6902,6902,6902,6902,6902,6902,6902,6902,6902,6902,6902,6902,6902,6902,6902,6902,6902,6902,6865,6865,6862,6862,6862,6862,6862,6862,6862,6862,6862,6862,6860,6860,6860,6860,6860,6860,6860,6860,6860,6860,6860,6860,6860,6860,6860,6860,6860,6860,6860,6860,6860,6860,6860,6860,6860,6860,6860,6860,6860,6860,6860,6865,6865,6865,6865,6865,6865,6938,6938,6938,6938,6938,6938,6938,6938,6938,6938,6938,6938,6938,6938,6938,6938,6938,6938,6938,6938,6938,6938,6938,6938,6938,6938,6938,6938,6938,6938,6938,6938,6938,6938,6865,6865,6865,6865,6865,6865,6865,6865,6865,6862,6862,6862,6862,6862,6862,6862,6862,6862,6862,6865,6865,6865,6865,6865,6865,6865,6865,6865,6865,6865,6865,6865,6865,6865,6865,6865,6865,6865,6865,
6902,6902,6902,6902,6902,6902,6902,6902,6902,6902,6902,6902,6902,6902,6902,6902,6902,6902,6902,6902,6902,6902,6902,6902,6902,6902,6902,6902,6865,6865,6862,6862,6862,6862,6862,6862,6862,6862,6862,6862,6860,6860,6860,6860,6860,6860,6860,6860,6860,6860,6860,6860,6860,6860,6860,6860,6860,6860,6860,6860,6860,6860,6860,6860,6860,6860,6860,6860,6860,6860,6860,6865,6865,6865,6865,6865,6865,6938,6938,6938,6938,6938,6938,6938,6938,6938,6938,6938,6938,6938,6938,6938,6938,6938,6938,6938,6938,6938,6938,6938,6938,6938,6938,6938,6938,6938,6938,6938,6938,6938,6938,6865,6865,6865,6865,6865,6865,6865,6865,6865,6862,6862,6862,6862,6862,6862,6862,6862,6862,6862,6865,6865,6865,6865,6865,6865,6865,6865,6865,6865,6865,6865,6865,6865,6865,6865,6865,6865,6865,6865,
6902,6902,6902,6902,6902,6902,6902,6902,6902,6902,6902,6902,6902,6902,6902,6902,6902,6902,6902,6902,6902,6902,6902,6902,6902,6902,6902,6902,6865,6865,6862,6862,6862,6862,6862,6862,6862,6862,6862,6862,6860,6860,6860,6860,6860,6860,6860,6860,6860,6860,6860,6860,6860,6860,6860,6860,6860,6860,6860,6860,6860,6860,6860,6860,6860,6860,6860,6860,6860,6860,6860,6865,6865,6865,6865,6865,6865,6938,6938,6938,6938,6938,6938,6938,6938,6938,6938,6938,6938,6938,6938,6938,6938,6938,6938,6938,6938,6938,6938,6938,6938,6938,6938,6938,6938,6938,6938,6938,6938,6938,6938,6865,6865,6865,6865,6865,6865,6865,6865,6865,6862,6862,6862,6862,6862,6862,6862,6862,6862,6862,6862,6862,6862,6862,6862,6862,6862,6862,6862,6862,6862,6862,6862,6862,6862,6862,6862,6862,6862,6862,
6902,6902,6902,6902,6902,6902,6902,6902,6902,6902,6902,6902,6902,6902,6902,6902,6902,6902,6902,6902,6902,6902,6902,6902,6902,6902,6902,6902,6865,6865,6862,6862,6862,6862,6862,6862,6862,6862,6862,6862,6860,6860,6860,6860,6860,6860,6860,6860,6860,6860,6860,6860,6860,6860,6860,6860,6860,6860,6860,6860,6860,6860,6860,6860,6860,6860,6860,6860,6860,6860,6860,6865,6865,6865,6865,6865,6865,6938,6938,6938,6938,6938,6938,6938,6938,6938,6938,6938,6938,6938,6938,6938,6938,6938,6938,6938,6938,6938,6938,6938,6938,6938,6938,6938,6938,6938,6938,6938,6938,6938,6938,6865,6865,6865,6865,6865,6865,6865,6865,6865,6862,6862,6862,6862,6862,6862,6862,6862,6862,6862,6862,6862,6862,6862,6862,6862,6862,6862,6862,6862,6862,6862,6862,6862,6862,6862,6862,6862,6862,6862,
6902,6902,6902,6902,6902,6902,6902,6902,6902,6902,6902,6902,6902,6902,6902,6902,6902,6902,6902,6902,6902,6902,6902,6902,6902,6902,6902,6902,6865,6865,6862,6862,6862,6862,6862,6862,6862,6862,6862,6862,6860,6860,6860,6860,6860,6860,6860,6860,6860,6860,6860,6860,6860,6860,6860,6860,6860,6860,6860,6860,6860,6860,6860,6860,6860,6860,6860,6860,6860,6860,6860,6865,6865,6865,6865,6865,6865,6938,6938,6938,6938,6938,6938,6938,6938,6938,6938,6938,6938,6938,6938,6938,6938,6938,6938,6938,6938,6938,6938,6938,6938,6938,6938,6938,6938,6938,6938,6938,6938,6938,6938,6865,6865,6865,6865,6865,6865,6865,6865,6865,6862,6862,6862,6862,6862,6862,6862,6862,6862,6862,6862,6862,6862,6862,6862,6862,6862,6862,6862,6862,6862,6862,6862,6862,6862,6862,6862,6862,6862,6862,
6902,6902,6902,6902,6902,6902,6902,6902,6902,6902,6902,6902,6902,6902,6902,6902,6902,6902,6902,6902,6902,6902,6902,6902,6902,6902,6902,6902,6865,6865,6862,6862,6862,6862,6862,6862,6862,6862,6862,6862,6860,6860,6860,6860,6860,6860,6860,6860,6860,6860,6860,6860,6860,6860,6860,6860,6860,6860,6860,6860,6860,6860,6860,6860,6860,6860,6860,6860,6860,6860,6860,6865,6865,6865,6865,6865,6865,6938,6938,6938,6938,6938,6938,6938,6938,6938,6938,6938,6938,6938,6938,6938,6938,6938,6938,6938,6938,6938,6938,6938,6938,6938,6938,6938,6938,6938,6938,6938,6938,6938,6938,6865,6865,6865,6865,6865,6865,6865,6865,6865,6862,6862,6862,6862,6862,6862,6862,6862,6862,6862,6862,6862,6862,6862,6862,6862,6862,6862,6862,6862,6862,6862,6862,6862,6862,6862,6862,6862,6862,6862,
6902,6902,6902,6902,6902,6902,6902,6902,6902,6902,6902,6902,6902,6902,6902,6902,6902,6902,6902,6902,6902,6902,6902,6902,6902,6902,6902,6902,6865,6865,6862,6862,6862,6862,6862,6862,6862,6862,6862,6862,6860,6860,6860,6860,6860,6860,6860,6860,6860,6860,6860,6860,6860,6860,6860,6860,6860,6860,6860,6860,6860,6860,6860,6860,6860,6860,6860,6860,6860,6860,6860,6865,6865,6865,6865,6865,6865,6938,6938,6938,6938,6938,6938,6938,6938,6938,6938,6938,6938,6938,6938,6938,6938,6938,6938,6938,6938,6938,6938,6938,6938,6938,6938,6938,6938,6938,6938,6938,6938,6938,6938,6865,6865,6865,6865,6865,6865,6865,6865,6865,6862,6862,6862,6862,6862,6862,6862,6862,6862,6862,6862,6862,6862,6862,6862,6862,6862,6862,6862,6862,6862,6862,6862,6862,6862,6862,6862,6862,6862,6862,
6902,6902,6902,6902,6902,6902,6902,6902,6902,6902,6902,6902,6902,6902,6902,6902,6902,6902,6902,6902,6902,6902,6902,6902,6902,6902,6902,6902,6865,6865,6862,6862,6862,6862,6862,6862,6862,6862,6862,6862,6860,6860,6860,6860,6860,6860,6860,6860,6860,6860,6860,6860,6860,6860,6860,6860,6860,6860,6860,6860,6860,6860,6860,6860,6860,6860,6860,6860,6860,6860,6860,6865,6865,6865,6865,6865,6865,6938,6938,6938,6938,6938,6938,6938,6938,6938,6938,6938,6938,6938,6938,6938,6938,6938,6938,6938,6938,6938,6938,6938,6938,6938,6938,6938,6938,6938,6938,6938,6938,6938,6938,6865,6865,6865,6865,6865,6865,6865,6865,6865,6862,6862,6862,6862,6862,6862,6862,6862,6862,6862,6862,6862,6862,6862,6862,6862,6862,6862,6862,6862,6862,6862,6862,6862,6862,6862,6862,6862,6862,6862,
6902,6902,6902,6902,6902,6902,6902,6902,6902,6902,6902,6902,6902,6902,6902,6902,6902,6902,6902,6902,6902,6902,6902,6902,6902,6902,6902,6902,6865,6865,6862,6862,6862,6862,6862,6862,6862,6862,6862,6862,6860,6860,6860,6860,6860,6860,6860,6860,6860,6860,6860,6860,6860,6860,6860,6860,6860,6860,6860,6860,6860,6860,6860,6860,6860,6860,6860,6860,6860,6860,6860,6865,6865,6865,6865,6865,6865,6938,6938,6938,6938,6938,6938,6938,6938,6938,6938,6938,6938,6938,6938,6938,6938,6938,6938,6938,6938,6938,6938,6938,6938,6938,6938,6938,6938,6938,6938,6938,6938,6938,6938,6865,6865,6865,6865,6865,6865,6865,6865,6865,6862,6862,6862,6862,6862,6862,6862,6862,6862,6862,6862,6862,6862,6862,6862,6862,6862,6862,6862,6862,6862,6862,6862,6862,6862,6862,6862,6862,6862,6862,
6902,6902,6902,6902,6902,6902,6902,6902,6902,6902,6902,6902,6902,6902,6902,6902,6902,6902,6902,6902,6902,6902,6902,6902,6902,6902,6902,6902,6865,6865,6862,6862,6862,6862,6862,6862,6862,6862,6862,6862,6860,6860,6860,6860,6860,6860,6860,6860,6860,6860,6860,6860,6860,6860,6860,6860,6860,6860,6860,6860,6860,6860,6860,6860,6860,6860,6860,6860,6860,6860,6860,6865,6865,6865,6865,6865,6865,6938,6938,6938,6938,6938,6938,6938,6938,6938,6938,6938,6938,6938,6938,6938,6938,6938,6938,6938,6938,6938,6938,6938,6938,6938,6938,6938,6938,6938,6938,6938,6938,6938,6938,6865,6865,6865,6865,6865,6865,6865,6865,6865,6862,6862,6862,6862,6862,6862,6862,6862,6862,6862,6862,6862,6862,6862,6862,6862,6862,6862,6862,6862,6862,6862,6862,6862,6862,6862,6862,6862,6862,6862,
6902,6902,6902,6902,6902,6902,6902,6902,6902,6902,6902,6902,6902,6902,6902,6902,6902,6902,6902,6902,6902,6902,6902,6902,6902,6902,6902,6902,6865,6865,6862,6862,6862,6862,6862,6862,6862,6862,6862,6862,6860,6860,6860,6860,6860,6860,6860,6860,6860,6860,6860,6860,6860,6860,6860,6860,6860,6860,6860,6860,6860,6860,6860,6860,6860,6860,6860,6860,6860,6860,6860,6865,6865,6865,6865,6865,6865,6938,6938,6938,6938,6938,6938,6938,6938,6938,6938,6938,6938,6938,6938,6938,6938,6938,6938,6938,6938,6938,6938,6938,6938,6938,6938,6938,6938,6938,6938,6938,6938,6938,6938,6865,6865,6865,6865,6865,6865,6865,6865,6865,6862,6862,6862,6862,6862,6862,6862,6862,6862,6862,6862,6862,6862,6862,6862,6862,6862,6862,6862,6862,6862,6862,6862,6862,6862,6862,6862,6862,6862,6862,
6865,6865,6865,6865,6865,6865,6865,6865,6865,6865,6862,6862,6862,6862,6862,6862,6862,6862,6862,6862,6865,6865,6865,6865,6865,6865,6865,6865,6865,6865,6862,6862,6862,6862,6862,6862,6862,6862,6862,6862,6860,6860,6860,6860,6860,6860,6860,6860,6860,6860,6860,6860,6860,6860,6860,6860,6860,6860,6860,6860,6860,6860,6860,6860,6860,6860,6860,6860,6860,6860,6860,6865,6865,6865,6865,6865,6865,6938,6938,6938,6938,6938,6938,6938,6938,6938,6938,6938,6938,6938,6938,6938,6938,6938,6938,6938,6938,6938,6938,6938,6938,6938,6938,6938,6938,6938,6938,6938,6938,6938,6938,6865,6865,6865,6865,6865,6865,6865,6865,6865,6862,6862,6862,6862,6862,6862,6862,6862,6862,6862,6862,6862,6862,6862,6862,6862,6862,6862,6862,6862,6862,6862,6862,6862,6862,6862,6862,6862,6862,6862,
6865,6865,6865,6865,6865,6865,6865,6865,6865,6865,6862,6862,6862,6862,6862,6862,6862,6862,6862,6862,6865,6865,6865,6865,6865,6865,6865,6865,6865,6865,6862,6862,6862,6862,6862,6862,6862,6862,6862,6862,6860,6860,6860,6860,6860,6860,6860,6860,6860,6860,6860,6860,6860,6860,6860,6860,6860,6860,6860,6860,6860,6860,6860,6860,6860,6860,6860,6860,6860,6860,6860,6865,6865,6865,6865,6865,6865,6938,6938,6938,6938,6938,6938,6938,6938,6938,6938,6938,6938,6938,6938,6938,6938,6938,6938,6938,6938,6938,6938,6938,6938,6938,6938,6938,6938,6938,6938,6938,6938,6938,6938,6865,6865,6865,6865,6865,6865,6865,6865,6865,6862,6862,6862,6862,6862,6862,6862,6862,6862,6862,6865,6865,6865,6865,6865,6865,6865,6865,6865,6865,6865,6865,6865,6865,6865,6865,6865,6865,6865,6865,
6865,6865,6865,6865,6865,6865,6865,6865,6865,6865,6862,6862,6862,6862,6862,6862,6862,6862,6862,6862,6865,6865,6865,6865,6865,6865,6865,6865,6865,6865,6862,6862,6862,6862,6862,6862,6862,6862,6862,6862,6860,6860,6860,6860,6860,6860,6860,6860,6860,6860,6860,6860,6860,6860,6860,6860,6860,6860,6860,6860,6860,6860,6860,6860,6860,6860,6860,6860,6860,6860,6860,6865,6865,6865,6865,6865,6865,6938,6938,6938,6938,6938,6938,6938,6938,6938,6938,6938,6938,6938,6938,6938,6938,6938,6938,6938,6938,6938,6938,6938,6938,6938,6938,6938,6938,6938,6938,6938,6938,6938,6938,6865,6865,6865,6865,6865,6865,6865,6865,6865,6862,6862,6862,6862,6862,6862,6862,6862,6862,6862,6865,6865,6865,6865,6865,6865,6865,6865,6865,6865,6865,6865,6865,6865,6865,6865,6865,6865,6865,6865,
6865,6865,6865,6865,6865,6865,6865,6865,6865,6865,6862,6862,6862,6862,6862,6862,6862,6862,6862,6862,6865,6865,6865,6865,6865,6865,6865,6865,6865,6865,6862,6862,6862,6862,6862,6862,6862,6862,6862,6862,6860,6860,6860,6860,6860,6860,6860,6860,6860,6860,6860,6860,6860,6860,6860,6860,6860,6860,6860,6860,6860,6860,6860,6860,6860,6860,6860,6860,6860,6860,6860,6865,6865,6865,6865,6865,6865,6938,6938,6938,6938,6938,6938,6938,6938,6938,6938,6938,6938,6938,6938,6938,6938,6938,6938,6938,6938,6938,6938,6938,6938,6938,6938,6938,6938,6938,6938,6938,6938,6938,6938,6865,6865,6865,6865,6865,6865,6865,6865,6865,6862,6862,6862,6862,6862,6862,6862,6862,6862,6862,6865,6865,6865,6865,6865,6865,6865,6865,6865,6865,6865,6865,6865,6865,6865,6865,6865,6865,6865,6865,
6865,6865,6865,6865,6865,6865,6865,6865,6865,6865,6862,6862,6862,6862,6862,6862,6862,6862,6862,6862,6865,6865,6865,6865,6865,6865,6865,6865,6865,6865,6862,6862,6862,6862,6862,6862,6862,6862,6862,6862,6865,6865,6865,6865,6865,6865,6865,6865,6865,6865,6865,6865,6862,6862,6862,6862,6862,6862,6862,6862,6862,6862,6865,6865,6865,6865,6865,6865,6865,6865,6865,6865,6865,6865,6865,6865,6865,6938,6938,6938,6938,6938,6938,6938,6938,6938,6938,6938,6938,6938,6938,6938,6938,6938,6938,6938,6938,6938,6938,6938,6938,6938,6938,6938,6938,6938,6938,6938,6938,6938,6938,6865,6865,6865,6865,6865,6865,6865,6865,6865,6862,6862,6862,6862,6862,6862,6862,6862,6862,6862,6865,6865,6865,6865,6865,6865,6865,6865,6865,6865,6865,6865,6865,6865,6865,6865,6865,6865,6865,6865,
6865,6865,6865,6865,6865,6865,6865,6865,6865,6865,6862,6862,6862,6862,6862,6862,6862,6862,6862,6862,6865,6865,6865,6865,6865,6865,6865,6865,6865,6865,6862,6862,6862,6862,6862,6862,6862,6862,6862,6862,6865,6865,6865,6865,6865,6865,6865,6865,6865,6865,6865,6865,6862,6862,6862,6862,6862,6862,6862,6862,6862,6862,6865,6865,6865,6865,6865,6865,6865,6865,6865,6865,6865,6865,6865,6865,6865,6865,6865,6865,6865,6865,6865,6865,6865,6865,6865,6865,6865,6865,6862,6862,6862,6862,6862,6862,6862,6862,6862,6862,6865,6865,6865,6865,6865,6865,6865,6865,6865,6865,6865,6865,6865,6865,6865,6865,6865,6865,6865,6865,6862,6862,6862,6862,6862,6862,6862,6862,6862,6862,6865,6865,6865,6865,6865,6865,6865,6865,6865,6865,6865,6865,6865,6865,6865,6865,6865,6865,6865,6865,
6865,6865,6865,6865,6865,6865,6865,6865,6865,6865,6862,6862,6862,6862,6862,6862,6862,6862,6862,6862,6865,6865,6865,6865,6865,6865,6865,6865,6865,6865,6862,6862,6862,6862,6862,6862,6862,6862,6862,6862,6865,6865,6865,6865,6865,6865,6865,6865,6865,6865,6865,6865,6862,6862,6862,6862,6862,6862,6862,6862,6862,6862,6865,6865,6865,6865,6865,6865,6865,6865,6865,6865,6865,6865,6865,6865,6865,6865,6865,6865,6865,6865,6865,6865,6865,6865,6865,6865,6865,6865,6862,6862,6862,6862,6862,6862,6862,6862,6862,6862,6865,6865,6865,6865,6865,6865,6865,6865,6865,6865,6865,6865,6865,6865,6865,6865,6865,6865,6865,6865,6862,6862,6862,6862,6862,6862,6862,6862,6862,6862,6865,6865,6865,6865,6865,6865,6865,6865,6865,6865,6865,6865,6865,6865,6865,6865,6865,6865,6865,6865,
6865,6865,6865,6865,6865,6865,6865,6865,6865,6865,6862,6862,6862,6862,6862,6862,6862,6862,6862,6862,6865,6865,6865,6865,6865,6865,6865,6865,6865,6865,6862,6862,6862,6862,6862,6862,6862,6862,6862,6862,6865,6865,6865,6865,6865,6865,6865,6865,6865,6865,6865,6865,6862,6862,6862,6862,6862,6862,6862,6862,6862,6862,6865,6865,6865,6865,6865,6865,6865,6865,6865,6865,6865,6865,6865,6865,6865,6865,6865,6865,6865,6865,6865,6865,6865,6865,6865,6865,6865,6865,6862,6862,6862,6862,6862,6862,6862,6862,6862,6862,6865,6865,6865,6865,6865,6865,6865,6865,6865,6865,6865,6865,6865,6865,6865,6865,6865,6865,6865,6865,6862,6862,6862,6862,6862,6862,6862,6862,6862,6862,6865,6865,6865,6865,6865,6865,6865,6865,6865,6865,6865,6865,6865,6865,6865,6865,6865,6865,6865,6865,
6865,6865,6865,6865,6865,6865,6865,6865,6865,6865,6862,6862,6862,6862,6862,6862,6862,6862,6862,6862,6865,6865,6865,6865,6865,6865,6865,6865,6865,6865,6862,6862,6862,6862,6862,6862,6862,6862,6862,6862,6865,6865,6865,6865,6865,6865,6865,6865,6865,6865,6865,6865,6862,6862,6862,6862,6862,6862,6862,6862,6862,6862,6865,6865,6865,6865,6865,6865,6865,6865,6865,6865,6865,6865,6865,6865,6865,6865,6865,6865,6865,6865,6865,6865,6865,6865,6865,6865,6865,6865,6862,6862,6862,6862,6862,6862,6862,6862,6862,6862,6865,6865,6865,6865,6865,6865,6865,6865,6865,6865,6865,6865,6865,6865,6865,6865,6865,6865,6865,6865,6862,6862,6862,6862,6862,6862,6862,6862,6862,6862,6865,6865,6865,6865,6865,6865,6865,6865,6865,6865,6865,6865,6865,6865,6865,6865,6865,6865,6865,6865,
6865,6865,6865,6865,6865,6865,6865,6865,6865,6865,6862,6862,6862,6862,6862,6862,6862,6862,6862,6862,6865,6865,6865,6865,6865,6865,6865,6865,6865,6865,6862,6862,6862,6862,6862,6862,6862,6862,6862,6862,6865,6865,6865,6865,6865,6865,6865,6865,6865,6865,6865,6865,6862,6862,6862,6862,6862,6862,6862,6862,6862,6862,6865,6865,6865,6865,6865,6865,6865,6865,6865,6865,6865,6865,6865,6865,6865,6865,6865,6865,6865,6865,6865,6865,6865,6865,6865,6865,6865,6865,6862,6862,6862,6862,6862,6862,6862,6862,6862,6862,6865,6865,6865,6865,6865,6865,6865,6865,6865,6865,6865,6865,6865,6865,6865,6865,6865,6865,6865,6865,6862,6862,6862,6862,6862,6862,6862,6862,6862,6862,6865,6865,6865,6865,6865,6865,6865,6865,6865,6865,6865,6865,6865,6865,6865,6865,6865,6865,6865,6865,
6865,6865,6865,6865,6865,6865,6865,6865,6865,6865,6862,6862,6862,6862,6862,6862,6862,6862,6862,6862,6865,6865,6865,6865,6865,6865,6865,6865,6865,6865,6862,6862,6862,6862,6862,6862,6862,6862,6862,6862,6865,6865,6865,6865,6865,6865,6865,6865,6865,6865,6865,6865,6862,6862,6862,6862,6862,6862,6862,6862,6862,6862,6865,6865,6865,6865,6865,6865,6865,6865,6865,6865,6865,6865,6865,6865,6865,6865,6865,6865,6865,6865,6865,6865,6865,6865,6865,6865,6865,6865,6862,6862,6862,6862,6862,6862,6862,6862,6862,6862,6865,6865,6865,6865,6865,6865,6865,6865,6865,6865,6865,6865,6865,6865,6865,6865,6865,6865,6865,6865,6862,6862,6862,6862,6862,6862,6862,6862,6862,6862,6865,6865,6865,6865,6865,6865,6865,6865,6865,6865,6865,6865,6865,6865,6865,6865,6865,6865,6865,6865,
6865,6865,6865,6865,6865,6865,6865,6865,6865,6865,6862,6862,6862,6862,6862,6862,6862,6862,6862,6862,6865,6865,6865,6865,6865,6865,6865,6865,6865,6865,6862,6862,6862,6862,6862,6862,6862,6862,6862,6862,6865,6865,6865,6865,6865,6865,6865,6865,6865,6865,6865,6865,6862,6862,6862,6862,6862,6862,6862,6862,6862,6862,6865,6865,6865,6865,6865,6865,6865,6865,6865,6865,6865,6865,6865,6865,6865,6865,6865,6865,6865,6865,6865,6865,6865,6865,6865,6865,6865,6865,6862,6862,6862,6862,6862,6862,6862,6862,6862,6862,6865,6865,6865,6865,6865,6865,6865,6865,6865,6865,6865,6865,6865,6865,6865,6865,6865,6865,6865,6865,6862,6862,6862,6862,6862,6862,6862,6862,6862,6862,6865,6865,6865,6865,6865,6865,6865,6865,6865,6865,6865,6865,6865,6865,6865,6865,6865,6865,6865,6865,
6865,6865,6865,6865,6865,6865,6865,6865,6865,6865,6862,6862,6862,6862,6862,6862,6862,6862,6862,6862,6865,6865,6865,6865,6865,6865,6865,6865,6865,6865,6862,6862,6862,6862,6862,6862,6862,6862,6862,6862,6865,6865,6865,6865,6865,6865,6865,6865,6865,6865,6865,6865,6862,6862,6862,6862,6862,6862,6862,6862,6862,6862,6865,6865,6865,6865,6865,6865,6865,6865,6865,6865,6865,6865,6865,6865,6865,6865,6865,6865,6865,6865,6865,6865,6865,6865,6865,6865,6865,6865,6862,6862,6862,6862,6862,6862,6862,6862,6862,6862,6865,6865,6865,6865,6865,6865,6865,6865,6865,6865,6865,6865,6865,6865,6865,6865,6865,6865,6865,6865,6862,6862,6862,6862,6862,6862,6862,6862,6862,6862,6865,6865,6865,6865,6865,6865,6865,6865,6865,6865,6865,6865,6865,6865,6865,6865,6865,6865,6865,6865,
6865,6865,6865,6865,6865,6865,6865,6865,6865,6865,6862,6862,6862,6862,6862,6862,6862,6862,6862,6862,6865,6865,6865,6865,6865,6865,6865,6865,6865,6865,6862,6862,6862,6862,6862,6862,6862,6862,6862,6862,6865,6865,6865,6865,6865,6865,6865,6865,6865,6865,6865,6865,6862,6862,6862,6862,6862,6862,6862,6862,6862,6862,6865,6865,6865,6865,6865,6865,6865,6865,6865,6865,6865,6865,6865,6865,6865,6865,6865,6865,6865,6865,6865,6865,6865,6865,6865,6865,6865,6865,6862,6862,6862,6862,6862,6862,6862,6862,6862,6862,6865,6865,6865,6865,6865,6865,6865,6865,6865,6865,6865,6865,6862,6862,6862,6862,6862,6862,6862,6862,6862,6862,6862,6862,6862,6862,6862,6862,6862,6862,6862,6862,6862,6862,6862,6862,6862,6865,6865,6865,6865,6865,6865,6865,6865,6865,6865,6865,6865,6865,
6865,6865,6865,6865,6865,6865,6865,6865,6865,6865,6862,6862,6862,6862,6862,6862,6862,6862,6862,6862,6865,6865,6865,6865,6865,6865,6865,6865,6865,6865,6862,6862,6862,6862,6862,6862,6862,6862,6862,6862,6865,6865,6865,6865,6865,6865,6865,6865,6865,6865,6865,6865,6862,6862,6862,6862,6862,6862,6862,6862,6862,6862,6865,6865,6865,6865,6865,6865,6865,6865,6865,6865,6865,6865,6865,6865,6865,6865,6865,6865,6865,6865,6865,6865,6865,6865,6865,6865,6865,6865,6862,6862,6862,6862,6862,6862,6862,6862,6862,6862,6865,6865,6865,6865,6865,6865,6865,6865,6865,6865,6865,6865,6862,6862,6862,6862,6862,6862,6862,6862,6862,6862,6862,6862,6862,6862,6862,6862,6862,6862,6862,6862,6862,6862,6862,6862,6862,6865,6865,6865,6865,6865,6865,6865,6865,6865,6865,6865,6865,6865,
6865,6865,6865,6865,6865,6865,6865,6865,6865,6865,6862,6862,6862,6862,6862,6862,6862,6862,6862,6862,6865,6865,6865,6865,6865,6865,6865,6865,6865,6865,6862,6862,6862,6862,6862,6862,6862,6862,6862,6862,6865,6865,6865,6865,6865,6865,6865,6865,6865,6865,6865,6865,6862,6862,6862,6862,6862,6862,6862,6862,6862,6862,6865,6865,6865,6865,6865,6865,6865,6865,6865,6865,6865,6865,6865,6865,6865,6865,6865,6865,6865,6865,6865,6865,6865,6865,6865,6865,6865,6865,6862,6862,6862,6862,6862,6862,6862,6862,6862,6862,6865,6865,6865,6865,6865,6865,6865,6865,6865,6865,6865,6865,6862,6862,6862,6862,6862,6862,6862,6862,6862,6862,6862,6862,6862,6862,6862,6862,6862,6862,6862,6862,6862,6862,6862,6862,6862,6865,6865,6865,6865,6865,6865,6865,6865,6865,6865,6865,6865,6865,
6865,6865,6865,6865,6865,6865,6865,6865,6865,6865,6862,6862,6862,6862,6862,6862,6862,6862,6862,6862,6865,6865,6865,6865,6865,6865,6865,6865,6865,6865,6862,6862,6862,6862,6862,6862,6862,6862,6862,6862,6865,6865,6865,6865,6865,6865,6865,6865,6865,6865,6865,6865,6862,6862,6862,6862,6862,6862,6862,6862,6862,6862,6865,6865,6865,6865,6865,6865,6865,6865,6865,6865,6865,6865,6865,6865,6865,6865,6865,6865,6865,6865,6865,6865,6865,6865,6865,6865,6865,6865,6862,6862,6862,6862,6862,6862,6862,6862,6862,6862,6865,6865,6865,6865,6865,6865,6865,6865,6865,6865,6865,6865,6862,6862,6862,6862,6862,6862,6862,6862,6862,6862,6862,6862,6862,6862,6862,6862,6862,6862,6862,6862,6862,6862,6862,6862,6862,6865,6865,6865,6865,6865,6865,6865,6865,6865,6865,6865,6865,6865,
6865,6865,6865,6865,6865,6865,6865,6865,6865,6865,6862,6862,6862,6862,6862,6862,6862,6862,6862,6862,6865,6865,6865,6865,6865,6865,6865,6865,6865,6865,6862,6862,6862,6862,6862,6862,6862,6862,6862,6862,6862,6862,6862,6862,6862,6862,6862,6862,6862,6862,6862,6862,6862,6862,6862,6862,6862,6862,6862,6862,6862,6862,6862,6862,6862,6862,6862,6862,6862,6862,6862,6862,6862,6862,6862,6862,6862,6862,6862,6862,6862,6862,6862,6862,6862,6862,6862,6862,6862,6862,6862,6862,6862,6862,6862,6862,6862,6862,6862,6862,6862,6862,6862,6862,6862,6862,6862,6862,6862,6862,6862,6862,6862,6862,6862,6862,6862,6862,6862,6862,6862,6862,6862,6862,6862,6862,6862,6862,6862,6862,6862,6862,6862,6862,6862,6862,6862,6865,6865,6865,6865,6865,6865,6865,6865,6865,6865,6865,6865,6865,
6865,6865,6865,6865,6865,6865,6865,6865,6865,6865,6862,6862,6862,6862,6862,6862,6862,6862,6862,6862,6865,6865,6865,6865,6865,6865,6865,6865,6865,6865,6862,6862,6862,6862,6862,6862,6862,6862,6862,6862,6862,6862,6862,6862,6862,6862,6862,6862,6862,6862,6862,6862,6862,6862,6862,6862,6862,6862,6862,6862,6862,6862,6862,6862,6862,6862,6862,6862,6862,6862,6862,6862,6862,6862,6862,6862,6862,6862,6862,6862,6862,6862,6862,6862,6862,6862,6862,6862,6862,6862,6862,6862,6862,6862,6862,6862,6862,6862,6862,6862,6862,6862,6862,6862,6862,6862,6862,6862,6862,6862,6862,6862,6862,6862,6862,6862,6862,6862,6862,6862,6862,6862,6862,6862,6862,6862,6862,6862,6862,6862,6862,6862,6862,6862,6862,6862,6862,6865,6865,6865,6865,6865,6865,6865,6865,6865,6865,6865,6865,6865,
6865,6865,6865,6865,6865,6865,6865,6865,6865,6865,6862,6862,6862,6862,6862,6862,6862,6862,6862,6862,6865,6865,6865,6865,6865,6865,6865,6865,6865,6865,6862,6862,6862,6862,6862,6862,6862,6862,6862,6862,6862,6862,6862,6862,6862,6862,6862,6862,6862,6862,6862,6862,6862,6862,6862,6862,6862,6862,6862,6862,6862,6862,6862,6862,6862,6862,6862,6862,6862,6862,6862,6862,6862,6862,6862,6862,6862,6862,6862,6862,6862,6862,6862,6862,6862,6862,6862,6862,6862,6862,6862,6862,6862,6862,6862,6862,6862,6862,6862,6862,6862,6862,6862,6862,6862,6862,6862,6862,6862,6862,6862,6862,6862,6862,6862,6862,6862,6862,6862,6862,6862,6862,6862,6862,6862,6862,6862,6862,6862,6862,6862,6862,6862,6862,6862,6862,6862,6865,6865,6865,6865,6865,6865,6865,6865,6865,6865,6865,6865,6865,
6865,6865,6865,6865,6865,6865,6865,6865,6865,6865,6862,6862,6862,6862,6862,6862,6862,6862,6862,6862,6865,6865,6865,6865,6865,6865,6865,6865,6865,6865,6862,6862,6862,6862,6862,6862,6862,6862,6862,6862,6862,6862,6862,6862,6862,6862,6862,6862,6862,6862,6862,6862,6862,6862,6862,6862,6862,6862,6862,6862,6862,6862,6862,6862,6862,6862,6862,6862,6862,6862,6862,6862,6862,6862,6862,6862,6862,6862,6862,6862,6862,6862,6862,6862,6862,6862,6862,6862,6862,6862,6862,6862,6862,6862,6862,6862,6862,6862,6862,6862,6862,6862,6862,6862,6862,6862,6862,6862,6862,6862,6862,6862,6862,6862,6862,6862,6862,6862,6862,6862,6862,6862,6862,6862,6862,6862,6862,6862,6862,6862,6862,6862,6862,6862,6862,6862,6862,6865,6865,6865,6865,6865,6865,6865,6865,6865,6865,6865,6865,6865,
6865,6865,6865,6865,6865,6865,6865,6865,6865,6865,6862,6862,6862,6862,6862,6862,6862,6862,6862,6862,6865,6865,6865,6865,6865,6865,6865,6865,6865,6865,6862,6862,6862,6862,6862,6862,6862,6862,6862,6862,6862,6862,6862,6862,6862,6862,6862,6862,6862,6862,6862,6862,6862,6862,6862,6862,6862,6862,6862,6862,6862,6862,6862,6862,6862,6862,6862,6862,6862,6862,6862,6862,6862,6862,6862,6862,6862,6862,6862,6862,6862,6862,6862,6862,6862,6862,6862,6862,6862,6862,6862,6862,6862,6862,6862,6862,6862,6862,6862,6862,6862,6862,6862,6862,6862,6862,6862,6862,6862,6862,6862,6862,6862,6862,6862,6862,6862,6862,6862,6862,6865,6865,6865,6865,6865,6865,6865,6865,6862,6862,6862,6862,6862,6862,6862,6862,6862,6865,6865,6865,6865,6865,6865,6865,6865,6865,6865,6865,6865,6865,
6865,6865,6865,6865,6865,6865,6865,6865,6865,6865,6862,6862,6862,6862,6862,6862,6862,6862,6862,6862,6865,6865,6865,6865,6865,6865,6865,6865,6865,6865,6862,6862,6862,6862,6862,6862,6862,6862,6862,6862,6862,6862,6862,6862,6862,6862,6862,6862,6862,6862,6862,6862,6862,6862,6862,6862,6862,6862,6862,6862,6862,6862,6862,6862,6862,6862,6862,6862,6862,6862,6862,6862,6862,6862,6862,6862,6862,6862,6862,6862,6862,6862,6862,6862,6862,6862,6862,6862,6862,6862,6862,6862,6862,6862,6862,6862,6862,6862,6862,6862,6862,6862,6862,6862,6862,6862,6862,6862,6862,6862,6862,6862,6862,6862,6862,6862,6862,6862,6862,6862,6865,6865,6865,6865,6865,6865,6865,6865,6862,6862,6862,6862,6862,6862,6862,6862,6862,6865,6865,6865,6865,6865,6865,6865,6865,6865,6865,6865,6865,6865,
6865,6865,6865,6865,6865,6865,6865,6865,6865,6865,6862,6862,6862,6862,6862,6862,6862,6862,6862,6862,6865,6865,6865,6865,6865,6865,6865,6865,6865,6865,6862,6862,6862,6862,6862,6862,6862,6862,6862,6862,6862,6862,6862,6862,6862,6862,6862,6862,6862,6862,6862,6862,6862,6862,6862,6862,6862,6862,6862,6862,6862,6862,6862,6862,6862,6862,6862,6862,6862,6862,6862,6862,6862,6862,6862,6862,6862,6862,6862,6862,6862,6862,6862,6862,6862,6862,6862,6862,6862,6862,6862,6862,6862,6862,6862,6862,6862,6862,6862,6862,6862,6862,6862,6862,6862,6862,6862,6862,6862,6862,6862,6862,6862,6862,6862,6862,6862,6862,6862,6862,6865,6865,6865,6865,6865,6865,6865,6865,6862,6862,6862,6862,6862,6862,6862,6862,6862,6865,6865,6865,6865,6865,6865,6865,6865,6865,6865,6865,6865,6865,
6865,6865,6865,6865,6865,6865,6865,6865,6865,6865,6862,6862,6862,6862,6862,6862,6862,6862,6862,6862,6865,6865,6865,6865,6865,6865,6865,6865,6865,6865,6862,6862,6862,6862,6862,6862,6862,6862,6862,6862,6862,6862,6862,6862,6862,6862,6862,6862,6862,6862,6862,6862,6862,6862,6862,6862,6862,6862,6862,6862,6862,6862,6862,6862,6862,6862,6862,6862,6862,6862,6862,6862,6862,6862,6862,6862,6862,6862,6862,6862,6862,6862,6862,6862,6862,6862,6862,6862,6862,6862,6862,6862,6862,6862,6862,6862,6862,6862,6862,6862,6862,6862,6862,6862,6862,6862,6862,6862,6862,6862,6862,6862,6862,6862,6862,6862,6862,6862,6862,6862,6865,6865,6865,6865,6865,6865,6865,6865,6862,6862,6862,6862,6862,6862,6862,6862,6862,6865,6865,6865,6865,6865,6865,6865,6865,6865,6865,6865,6865,6865,
6865,6865,6865,6865,6865,6865,6865,6865,6865,6865,6862,6862,6862,6862,6862,6862,6862,6862,6862,6862,6865,6865,6865,6865,6865,6865,6865,6865,6865,6865,6862,6862,6862,6862,6862,6862,6862,6862,6862,6862,6862,6862,6862,6862,6862,6862,6862,6862,6862,6862,6862,6862,6862,6862,6862,6862,6862,6862,6862,6862,6862,6862,6862,6862,6862,6862,6862,6862,6862,6862,6862,6862,6862,6862,6862,6862,6862,6862,6862,6862,6862,6862,6862,6862,6862,6862,6862,6862,6862,6862,6862,6862,6862,6862,6862,6862,6862,6862,6862,6862,6862,6862,6862,6862,6862,6862,6862,6862,6862,6862,6862,6862,6862,6862,6862,6862,6862,6862,6862,6862,6865,6865,6865,6865,6865,6865,6865,6865,6862,6862,6862,6862,6862,6862,6862,6862,6862,6865,6865,6865,6865,6865,6865,6865,6865,6865,6865,6865,6865,6865,
6865,6865,6865,6865,6865,6865,6865,6865,6865,6865,6862,6862,6862,6862,6862,6862,6862,6862,6862,6862,6865,6865,6865,6865,6865,6865,6865,6865,6865,6865,6862,6862,6862,6862,6862,6862,6862,6862,6862,6862,6862,6862,6862,6862,6862,6862,6862,6862,6862,6862,6862,6862,6862,6862,6862,6862,6862,6862,6862,6862,6862,6862,6862,6862,6862,6862,6862,6862,6862,6862,6862,6862,6862,6862,6862,6862,6862,6862,6862,6862,6862,6862,6862,6862,6862,6862,6862,6862,6862,6862,6862,6862,6862,6862,6862,6862,6862,6862,6862,6862,6862,6862,6862,6862,6862,6862,6862,6862,6862,6862,6862,6862,6862,6862,6862,6862,6862,6862,6862,6862,6865,6865,6865,6865,6865,6865,6865,6865,6862,6862,6862,6862,6862,6862,6862,6862,6862,6865,6865,6865,6865,6865,6865,6865,6865,6865,6865,6865,6865,6865,
6862,6862,6862,6862,6862,6862,6862,6862,6862,6862,6862,6862,6862,6862,6862,6862,6862,6862,6862,6862,6862,6862,6862,6862,6862,6862,6862,6862,6862,6862,6862,6862,6862,6862,6862,6862,6862,6862,6862,6862,6865,6865,6865,6865,6865,6865,6865,6865,6865,6865,6862,6862,6862,6862,6862,6862,6862,6862,6862,6862,6865,6865,6865,6865,6865,6865,6865,6865,6865,6865,6865,6865,6865,6865,6865,6865,6865,6865,6865,6865,6862,6862,6862,6862,6862,6862,6862,6862,6862,6862,6865,6865,6865,6865,6865,6865,6865,6865,6865,6865,6865,6865,6865,6865,6865,6865,6865,6865,6865,6865,6865,6865,6862,6862,6862,6862,6862,6862,6862,6862,6865,6865,6865,6865,6865,6865,6865,6865,6862,6862,6862,6862,6862,6862,6862,6862,6862,6865,6865,6865,6865,6865,6865,6865,6865,6865,6865,6865,6865,6865,
6862,6862,6862,6862,6862,6862,6862,6862,6862,6862,6862,6862,6862,6862,6862,6862,6862,6862,6862,6862,6862,6862,6862,6862,6862,6862,6862,6862,6862,6862,6862,6862,6862,6862,6862,6862,6862,6862,6862,6862,6865,6865,6865,6865,6865,6865,6865,6865,6865,6865,6862,6862,6862,6862,6862,6862,6862,6862,6862,6862,6865,6865,6865,6865,6865,6865,6865,6865,6865,6865,6865,6865,6865,6865,6865,6865,6865,6865,6865,6865,6862,6862,6862,6862,6862,6862,6862,6862,6862,6862,6865,6865,6865,6865,6865,6865,6865,6865,6865,6865,6865,6865,6865,6865,6865,6865,6865,6865,6865,6865,6865,6865,6862,6862,6862,6862,6862,6862,6862,6862,6865,6865,6865,6865,6865,6865,6865,6865,6862,6862,6862,6862,6862,6862,6862,6862,6862,6865,6865,6865,6865,6865,6865,6865,6865,6865,6865,6865,6865,6865,
6862,6862,6862,6862,6862,6862,6862,6862,6862,6862,6862,6862,6862,6862,6862,6862,6862,6862,6862,6862,6862,6862,6862,6862,6862,6862,6862,6862,6862,6862,6862,6862,6862,6862,6862,6862,6862,6862,6862,6862,6865,6865,6865,6865,6865,6865,6865,6865,6865,6865,6862,6862,6862,6862,6862,6862,6862,6862,6862,6862,6865,6865,6865,6865,6865,6865,6865,6865,6865,6865,6865,6865,6865,6865,6865,6865,6865,6865,6865,6865,6862,6862,6862,6862,6862,6862,6862,6862,6862,6862,6865,6865,6865,6865,6865,6865,6865,6865,6865,6865,6865,6865,6865,6865,6865,6865,6865,6865,6865,6865,6865,6865,6862,6862,6862,6862,6862,6862,6862,6862,6865,6865,6865,6865,6865,6865,6865,6865,6862,6862,6862,6862,6862,6862,6862,6862,6862,6865,6865,6865,6865,6865,6865,6865,6865,6865,6865,6865,6865,6865,
6862,6862,6862,6862,6862,6862,6862,6862,6862,6862,6862,6862,6862,6862,6862,6862,6862,6862,6862,6862,6862,6862,6862,6862,6862,6862,6862,6862,6862,6862,6862,6862,6862,6862,6862,6862,6862,6862,6862,6862,6865,6865,6865,6865,6865,6865,6865,6865,6865,6865,6862,6862,6862,6862,6862,6862,6862,6862,6862,6862,6865,6865,6865,6865,6865,6865,6865,6865,6865,6865,6865,6865,6865,6865,6865,6865,6865,6865,6865,6865,6862,6862,6862,6862,6862,6862,6862,6862,6862,6862,6865,6865,6865,6865,6865,6865,6865,6865,6865,6865,6865,6865,6865,6865,6865,6865,6865,6865,6865,6865,6865,6865,6862,6862,6862,6862,6862,6862,6862,6862,6862,6862,6862,6862,6862,6862,6862,6862,6862,6862,6862,6862,6862,6862,6862,6862,6862,6865,6865,6865,6865,6865,6865,6865,6865,6865,6865,6865,6865,6865,
6862,6862,6862,6862,6862,6862,6862,6862,6862,6862,6862,6862,6862,6862,6862,6862,6862,6862,6862,6862,6862,6862,6862,6862,6862,6862,6862,6862,6862,6862,6862,6862,6862,6862,6862,6862,6862,6862,6862,6862,6865,6865,6865,6865,6865,6865,6865,6865,6865,6865,6862,6862,6862,6862,6862,6862,6862,6862,6862,6862,6865,6865,6865,6865,6865,6865,6865,6865,6865,6865,6865,6865,6865,6865,6865,6865,6865,6865,6865,6865,6862,6862,6862,6862,6862,6862,6862,6862,6862,6862,6865,6865,6865,6865,6865,6865,6865,6865,6865,6865,6865,6865,6865,6865,6865,6865,6865,6865,6865,6865,6865,6865,6862,6862,6862,6862,6862,6862,6862,6862,6862,6862,6862,6862,6862,6862,6862,6862,6862,6862,6862,6862,6862,6862,6862,6862,6862,6865,6865,6865,6865,6865,6865,6865,6865,6865,6865,6865,6865,6865,
6862,6862,6862,6862,6862,6862,6862,6862,6862,6862,6862,6862,6862,6862,6862,6862,6862,6862,6862,6862,6862,6862,6862,6862,6862,6862,6862,6862,6862,6862,6862,6862,6862,6862,6862,6862,6862,6862,6862,6862,6865,6865,6865,6865,6865,6865,6865,6865,6865,6865,6862,6862,6862,6862,6862,6862,6862,6862,6862,6862,6865,6865,6865,6865,6865,6865,6865,6865,6865,6865,6865,6865,6865,6865,6865,6865,6865,6865,6865,6865,6862,6862,6862,6862,6862,6862,6862,6862,6862,6862,6865,6865,6865,6865,6865,6865,6865,6865,6865,6865,6865,6865,6865,6865,6865,6865,6865,6865,6865,6865,6865,6865,6862,6862,6862,6862,6862,6862,6862,6862,6862,6862,6862,6862,6862,6862,6862,6862,6862,6862,6862,6862,6862,6862,6862,6862,6862,6865,6865,6865,6865,6865,6865,6865,6865,6865,6865,6865,6865,6865,
6862,6862,6862,6862,6862,6862,6862,6862,6862,6862,6862,6862,6862,6862,6862,6862,6862,6862,6862,6862,6862,6862,6862,6862,6862,6862,6862,6862,6862,6862,6862,6862,6862,6862,6862,6862,6862,6862,6862,6862,6865,6865,6865,6865,6865,6865,6865,6865,6865,6865,6862,6862,6862,6862,6862,6862,6862,6862,6862,6862,6865,6865,6865,6865,6865,6865,6865,6865,6865,6865,6865,6865,6865,6865,6865,6865,6865,6865,6865,6865,6862,6862,6862,6862,6862,6862,6862,6862,6862,6862,6865,6865,6865,6865,6865,6865,6865,6865,6865,6865,6865,6865,6865,6865,6865,6865,6865,6865,6865,6865,6865,6865,6862,6862,6862,6862,6862,6862,6862,6862,6862,6862,6862,6862,6862,6862,6862,6862,6862,6862,6862,6862,6862,6862,6862,6862,6862,6865,6865,6865,6865,6865,6865,6865,6865,6865,6865,6865,6865,6865,
6862,6862,6862,6862,6862,6862,6862,6862,6862,6862,6862,6862,6862,6862,6862,6862,6862,6862,6862,6862,6862,6862,6862,6862,6862,6862,6862,6862,6862,6862,6862,6862,6862,6862,6862,6862,6862,6862,6862,6862,6865,6865,6865,6865,6865,6865,6865,6865,6865,6865,6862,6862,6862,6862,6862,6862,6862,6862,6862,6862,6865,6865,6865,6865,6865,6865,6865,6865,6865,6865,6865,6865,6865,6865,6865,6865,6865,6865,6865,6865,6862,6862,6862,6862,6862,6862,6862,6862,6862,6862,6865,6865,6865,6865,6865,6865,6865,6865,6865,6865,6865,6865,6865,6865,6865,6865,6865,6865,6865,6865,6865,6865,6862,6862,6862,6862,6862,6862,6862,6862,6862,6862,6862,6862,6862,6862,6862,6862,6862,6862,6862,6862,6862,6862,6862,6862,6862,6865,6865,6865,6865,6865,6865,6865,6865,6865,6865,6865,6865,6865,
6862,6862,6862,6862,6862,6862,6862,6862,6862,6862,6862,6862,6862,6862,6862,6862,6862,6862,6862,6862,6862,6862,6862,6862,6862,6862,6862,6862,6862,6862,6862,6862,6862,6862,6862,6862,6862,6862,6862,6862,6865,6865,6865,6865,6865,6865,6865,6865,6865,6865,6862,6862,6862,6862,6862,6862,6862,6862,6862,6862,6865,6865,6865,6865,6865,6865,6865,6865,6865,6865,6865,6865,6865,6865,6865,6865,6865,6865,6865,6865,6862,6862,6862,6862,6862,6862,6862,6862,6862,6862,6865,6865,6865,6865,6865,6865,6865,6865,6865,6865,6865,6865,6865,6865,6865,6865,6865,6865,6865,6865,6865,6865,6862,6862,6862,6862,6862,6862,6862,6862,6862,6862,6862,6862,6862,6862,6862,6862,6862,6862,6862,6862,6862,6862,6862,6862,6862,6865,6865,6865,6865,6865,6865,6865,6865,6865,6865,6865,6865,6865,
6862,6862,6862,6862,6862,6862,6862,6862,6862,6862,6862,6862,6862,6862,6862,6862,6862,6862,6862,6862,6862,6862,6862,6862,6862,6862,6862,6862,6862,6862,6862,6862,6862,6862,6862,6862,6862,6862,6862,6862,6865,6865,6865,6865,6865,6865,6865,6865,6865,6865,6862,6862,6862,6862,6862,6862,6862,6862,6862,6862,6865,6865,6865,6865,6865,6865,6865,6865,6865,6865,6865,6865,6865,6865,6865,6865,6865,6865,6865,6865,6862,6862,6862,6862,6862,6862,6862,6862,6862,6862,6865,6865,6865,6865,6865,6865,6865,6865,6865,6865,6865,6865,6865,6865,6865,6865,6865,6865,6865,6865,6865,6865,6862,6862,6862,6862,6862,6862,6862,6862,6862,6862,6862,6862,6862,6862,6862,6862,6862,6862,6862,6862,6862,6862,6862,6862,6862,6865,6865,6865,6865,6865,6865,6865,6865,6865,6865,6865,6865,6865,
6865,6865,6865,6865,6865,6865,6865,6865,6865,6865,6865,6865,6865,6865,6865,6865,6865,6865,6865,6865,6865,6865,6865,6865,6865,6865,6865,6865,6865,6865,6862,6862,6862,6862,6862,6862,6862,6862,6862,6862,6865,6865,6865,6865,6865,6865,6865,6865,6865,6865,6862,6862,6862,6862,6862,6862,6862,6862,6862,6862,6865,6865,6865,6865,6865,6865,6865,6865,6865,6865,6865,6865,6865,6865,6865,6865,6865,6865,6865,6865,6862,6862,6862,6862,6862,6862,6862,6862,6862,6862,6865,6865,6865,6865,6865,6865,6865,6865,6865,6865,6865,6865,6865,6865,6865,6865,6865,6865,6865,6865,6865,6865,6862,6862,6862,6862,6862,6862,6862,6862,6862,6862,6862,6862,6862,6862,6862,6862,6862,6862,6862,6862,6862,6862,6862,6862,6862,6865,6865,6865,6865,6865,6865,6865,6865,6865,6865,6865,6865,6865,
6865,6865,6865,6865,6865,6865,6865,6865,6865,6865,6865,6865,6865,6865,6865,6865,6865,6865,6865,6865,6865,6865,6865,6865,6865,6865,6865,6865,6865,6865,6862,6862,6862,6862,6862,6862,6862,6862,6862,6862,6865,6865,6865,6865,6865,6865,6865,6865,6865,6865,6862,6862,6862,6862,6862,6862,6862,6862,6862,6862,6865,6865,6865,6865,6865,6865,6865,6865,6865,6865,6865,6865,6865,6865,6865,6865,6865,6865,6865,6865,6862,6862,6862,6862,6862,6862,6862,6862,6862,6862,6865,6865,6865,6865,6865,6865,6865,6865,6865,6865,6865,6865,6865,6865,6865,6865,6865,6865,6865,6865,6865,6865,6865,6865,6865,6865,6865,6865,6865,6865,6862,6862,6862,6862,6862,6862,6862,6862,6862,6862,6865,6865,6865,6865,6865,6865,6865,6865,6865,6865,6865,6865,6865,6865,6865,6865,6865,6865,6865,6865,
6865,6865,6865,6865,6865,6865,6865,6865,6865,6865,6865,6865,6865,6865,6865,6865,6865,6865,6865,6865,6865,6865,6865,6865,6865,6865,6865,6865,6865,6865,6862,6862,6862,6862,6862,6862,6862,6862,6862,6862,6865,6865,6865,6865,6865,6865,6865,6865,6865,6865,6862,6862,6862,6862,6862,6862,6862,6862,6862,6862,6865,6865,6865,6865,6865,6865,6865,6865,6865,6865,6865,6865,6865,6865,6865,6865,6865,6865,6865,6865,6862,6862,6862,6862,6862,6862,6862,6862,6862,6862,6865,6865,6865,6865,6865,6865,6865,6865,6865,6865,6865,6865,6865,6865,6865,6865,6865,6865,6865,6865,6865,6865,6865,6865,6865,6865,6865,6865,6865,6865,6862,6862,6862,6862,6862,6862,6862,6862,6862,6862,6865,6865,6865,6865,6865,6865,6865,6865,6865,6865,6865,6865,6865,6865,6865,6865,6865,6865,6865,6865,
6865,6865,6865,6865,6865,6865,6865,6865,6865,6865,6865,6865,6865,6865,6865,6865,6865,6865,6865,6865,6865,6865,6865,6865,6865,6865,6865,6865,6865,6865,6862,6862,6862,6862,6862,6862,6862,6862,6862,6862,6900,6900,6900,6900,6900,6900,6900,6900,6900,6900,6900,6900,6900,6900,6900,6900,6900,6900,6900,6900,6900,6900,6900,6900,6900,6900,6900,6900,6900,6900,6900,6900,6900,6900,6900,6900,6900,6865,6865,6865,6862,6862,6862,6862,6862,6862,6862,6862,6862,6862,6865,6865,6865,6865,6865,6865,6865,6865,6865,6865,6865,6865,6865,6865,6865,6865,6865,6865,6865,6865,6865,6865,6865,6865,6865,6865,6865,6865,6865,6865,6862,6862,6862,6862,6862,6862,6862,6862,6862,6862,6865,6865,6865,6865,6865,6865,6865,6865,6865,6865,6865,6865,6865,6865,6865,6865,6865,6865,6865,6865,
6865,6865,6865,6865,6865,6865,6865,6865,6865,6865,6862,6862,6862,6862,6862,6862,6862,6862,6862,6862,6862,6862,6862,6862,6862,6862,6862,6862,6862,6862,6862,6862,6862,6862,6862,6862,6862,6862,6862,6862,6900,6900,6900,6900,6900,6900,6900,6900,6900,6900,6900,6900,6900,6900,6900,6900,6900,6900,6900,6900,6900,6900,6900,6900,6900,6900,6900,6900,6900,6900,6900,6900,6900,6900,6900,6900,6900,6865,6865,6865,6862,6862,6862,6862,6862,6862,6862,6862,6862,6862,6865,6865,6865,6865,6865,6865,6865,6865,6865,6865,6865,6865,6865,6865,6865,6865,6865,6865,6865,6865,6865,6865,6865,6865,6865,6865,6865,6865,6865,6865,6862,6862,6862,6862,6862,6862,6862,6862,6862,6862,6865,6865,6865,6865,6865,6865,6865,6865,6865,6865,6865,6865,6865,6865,6865,6865,6865,6865,6865,6865,
6865,6865,6865,6865,6865,6865,6865,6865,6865,6865,6862,6862,6862,6862,6862,6862,6862,6862,6862,6862,6862,6862,6862,6862,6862,6862,6862,6862,6862,6862,6862,6862,6862,6862,6862,6862,6862,6862,6862,6862,6900,6900,6900,6900,6900,6900,6900,6900,6900,6900,6900,6900,6900,6900,6900,6900,6900,6900,6900,6900,6900,6900,6900,6900,6900,6900,6900,6900,6900,6900,6900,6900,6900,6900,6900,6900,6900,6865,6865,6865,6862,6862,6862,6862,6862,6862,6862,6862,6862,6862,6865,6865,6865,6865,6865,6865,6865,6865,6865,6865,6865,6865,6865,6865,6865,6865,6865,6865,6865,6865,6865,6865,6865,6865,6865,6865,6865,6865,6865,6865,6862,6862,6862,6862,6862,6862,6862,6862,6862,6862,6865,6865,6865,6865,6865,6865,6865,6865,6865,6865,6865,6865,6865,6865,6865,6865,6865,6865,6865,6865,
6865,6865,6865,6865,6865,6865,6865,6865,6865,6865,6862,6862,6862,6862,6862,6862,6862,6862,6862,6862,6862,6862,6862,6862,6862,6862,6862,6862,6862,6862,6862,6862,6862,6862,6862,6862,6862,6862,6862,6862,6900,6900,6900,6900,6900,6900,6900,6900,6900,6900,6900,6900,6900,6900,6900,6900,6900,6900,6900,6900,6900,6900,6900,6900,6900,6900,6900,6900,6900,6900,6900,6900,6900,6900,6900,6900,6900,6865,6865,6865,6862,6862,6862,6862,6862,6862,6862,6862,6862,6862,6865,6865,6865,6865,6865,6865,6865,6865,6865,6865,6865,6865,6865,6865,6865,6865,6865,6865,6865,6865,6865,6865,6865,6865,6865,6865,6865,6865,6865,6865,6862,6862,6862,6862,6862,6862,6862,6862,6862,6862,6865,6865,6865,6865,6865,6865,6865,6865,6865,6865,6865,6865,6865,6865,6865,6865,6865,6865,6865,6865,
6865,6865,6865,6865,6865,6865,6865,6865,6865,6865,6862,6862,6862,6862,6862,6862,6862,6862,6862,6862,6862,6862,6862,6862,6862,6862,6862,6862,6862,6862,6862,6862,6862,6862,6862,6862,6862,6862,6862,6862,6900,6900,6900,6900,6900,6900,6900,6900,6900,6900,6900,6900,6900,6900,6900,6900,6900,6900,6900,6900,6900,6900,6900,6900,6900,6900,6900,6900,6900,6900,6900,6900,6900,6900,6900,6900,6900,6865,6865,6865,6862,6862,6862,6862,6862,6862,6862,6862,6862,6862,6865,6865,6865,6865,6865,6865,6865,6865,6865,6865,6865,6865,6865,6865,6865,6865,6865,6865,6865,6865,6865,6865,6865,6865,6865,6865,6865,6865,6865,6865,6862,6862,6862,6862,6862,6862,6862,6862,6862,6862,6865,6865,6865,6865,6865,6865,6865,6865,6865,6865,6865,6865,6865,6865,6865,6865,6865,6865,6865,6865,
6865,6865,6865,6865,6865,6865,6865,6865,6865,6865,6862,6862,6862,6862,6862,6862,6862,6862,6862,6862,6862,6862,6862,6862,6862,6862,6862,6862,6862,6862,6862,6862,6862,6862,6862,6862,6862,6862,6862,6862,6900,6900,6900,6900,6900,6900,6900,6900,6900,6900,6900,6900,6900,6900,6900,6900,6900,6900,6900,6900,6900,6900,6900,6900,6900,6900,6900,6900,6900,6900,6900,6900,6900,6900,6900,6900,6900,6865,6865,6865,6862,6862,6862,6862,6862,6862,6862,6862,6862,6862,6865,6865,6865,6865,6865,6865,6865,6865,6865,6865,6865,6865,6865,6865,6865,6865,6865,6865,6865,6865,6865,6865,6865,6865,6865,6865,6865,6865,6865,6865,6862,6862,6862,6862,6862,6862,6862,6862,6862,6862,6865,6865,6865,6865,6865,6865,6865,6865,6865,6865,6865,6865,6865,6865,6865,6865,6865,6865,6865,6865,
6865,6865,6865,6865,6865,6865,6865,6865,6865,6865,6862,6862,6862,6862,6862,6862,6862,6862,6862,6862,6862,6862,6862,6862,6862,6862,6862,6862,6862,6862,6862,6862,6862,6862,6862,6862,6862,6862,6862,6862,6900,6900,6900,6900,6900,6900,6900,6900,6900,6900,6900,6900,6900,6900,6900,6900,6900,6900,6900,6900,6900,6900,6900,6900,6900,6900,6900,6900,6900,6900,6900,6900,6900,6900,6900,6900,6900,6865,6865,6865,6862,6862,6862,6862,6862,6862,6862,6862,6862,6862,6865,6865,6865,6865,6865,6865,6865,6865,6865,6865,6865,6865,6865,6865,6865,6865,6865,6865,6865,6865,6865,6865,6865,6865,6865,6865,6865,6865,6865,6865,6862,6862,6862,6862,6862,6862,6862,6862,6862,6862,6865,6865,6865,6865,6865,6865,6865,6865,6865,6865,6865,6865,6865,6865,6865,6865,6865,6865,6865,6865,
6865,6865,6865,6865,6865,6865,6865,6865,6865,6865,6862,6862,6862,6862,6862,6862,6862,6862,6862,6862,6862,6862,6862,6862,6862,6862,6862,6862,6862,6862,6862,6862,6862,6862,6862,6862,6862,6862,6862,6862,6900,6900,6900,6900,6900,6900,6900,6900,6900,6900,6900,6900,6900,6900,6900,6900,6900,6900,6900,6900,6900,6900,6900,6900,6900,6900,6900,6900,6900,6900,6900,6900,6900,6900,6900,6900,6900,6865,6865,6865,6862,6862,6862,6862,6862,6862,6862,6862,6862,6862,6865,6865,6865,6865,6865,6865,6865,6865,6865,6865,6865,6865,6865,6865,6865,6865,6865,6865,6865,6865,6865,6865,6865,6865,6865,6865,6865,6865,6865,6865,6862,6862,6862,6862,6862,6862,6862,6862,6862,6862,6865,6865,6865,6865,6865,6865,6865,6865,6865,6865,6865,6865,6865,6865,6865,6865,6865,6865,6865,6865,
6865,6865,6865,6865,6865,6865,6865,6865,6865,6865,6862,6862,6862,6862,6862,6862,6862,6862,6862,6862,6862,6862,6862,6862,6862,6862,6862,6862,6862,6862,6862,6862,6862,6862,6862,6862,6862,6862,6862,6862,6900,6900,6900,6900,6900,6900,6900,6900,6900,6900,6900,6900,6900,6900,6900,6900,6900,6900,6900,6900,6900,6900,6900,6900,6900,6900,6900,6900,6900,6900,6900,6900,6900,6900,6900,6900,6900,6865,6865,6865,6862,6862,6862,6862,6862,6862,6862,6862,6862,6862,6865,6865,6865,6865,6865,6865,6865,6865,6865,6865,6865,6865,6865,6865,6865,6865,6865,6865,6865,6865,6865,6865,6865,6865,6865,6865,6865,6865,6865,6865,6862,6862,6862,6862,6862,6862,6862,6862,6862,6862,6865,6865,6865,6865,6865,6865,6865,6865,6865,6865,6865,6865,6865,6865,6865,6865,6865,6865,6865,6865,
6865,6865,6865,6865,6865,6865,6865,6865,6865,6865,6862,6862,6862,6862,6862,6862,6862,6862,6862,6862,6865,6865,6865,6865,6865,6865,6865,6865,6865,6865,6865,6865,6865,6865,6865,6865,6865,6865,6865,6865,6900,6900,6900,6900,6900,6900,6900,6900,6900,6900,6900,6900,6900,6900,6900,6900,6900,6900,6900,6900,6900,6900,6900,6900,6900,6900,6900,6900,6900,6900,6900,6900,6900,6900,6900,6900,6900,6865,6865,6865,6862,6862,6862,6862,6862,6862,6862,6862,6862,6862,6865,6865,6865,6865,6865,6865,6865,6865,6865,6865,6865,6865,6865,6865,6865,6865,6865,6865,6865,6865,6865,6865,6865,6865,6865,6865,6865,6865,6865,6865,6862,6862,6862,6862,6862,6862,6862,6862,6862,6862,6865,6865,6865,6865,6865,6865,6865,6865,6865,6865,6865,6865,6865,6865,6865,6865,6865,6865,6865,6865,
6865,6865,6865,6865,6865,6865,6865,6865,6865,6865,6862,6862,6862,6862,6862,6862,6862,6862,6862,6862,6865,6865,6865,6865,6865,6865,6865,6865,6865,6865,6865,6865,6865,6865,6865,6865,6865,6865,6865,6865,6900,6900,6900,6900,6900,6900,6900,6900,6900,6900,6900,6900,6900,6900,6900,6900,6900,6900,6900,6900,6900,6900,6900,6900,6900,6900,6900,6900,6900,6900,6900,6900,6900,6900,6900,6900,6900,6865,6865,6865,6862,6862,6862,6862,6862,6862,6862,6862,6862,6862,6865,6865,6865,6865,6865,6865,6865,6865,6865,6865,6865,6865,6865,6865,6865,6865,6865,6865,6865,6865,6865,6865,6865,6865,6865,6865,6865,6865,6865,6865,6862,6862,6862,6862,6862,6862,6862,6862,6862,6862,6865,6865,6865,6865,6865,6865,6865,6865,6865,6865,6865,6865,6865,6865,6865,6865,6865,6865,6865,6865,
6865,6865,6865,6865,6865,6865,6865,6865,6865,6865,6862,6862,6862,6862,6862,6862,6862,6862,6862,6862,6865,6865,6865,6865,6865,6865,6865,6865,6865,6865,6865,6865,6865,6865,6865,6865,6865,6865,6865,6865,6900,6900,6900,6900,6900,6900,6900,6900,6900,6900,6900,6900,6900,6900,6900,6900,6900,6900,6900,6900,6900,6900,6900,6900,6900,6900,6900,6900,6900,6900,6900,6900,6900,6900,6900,6900,6900,6865,6865,6865,6862,6862,6862,6862,6862,6862,6862,6862,6862,6862,6865,6865,6865,6865,6865,6865,6865,6865,6865,6865,6865,6865,6865,6865,6865,6865,6865,6865,6865,6865,6865,6865,6865,6865,6865,6865,6865,6865,6865,6865,6862,6862,6862,6862,6862,6862,6862,6862,6862,6862,6865,6865,6865,6865,6865,6865,6865,6865,6865,6865,6865,6865,6865,6865,6865,6865,6865,6865,6865,6865,
6865,6865,6865,6865,6865,6865,6865,6865,6865,6865,6862,6862,6862,6862,6862,6862,6862,6862,6862,6862,6865,6865,6865,6865,6865,6865,6865,6865,6865,6865,6865,6865,6865,6865,6865,6865,6865,6865,6865,6865,6900,6900,6900,6900,6900,6900,6900,6900,6900,6900,6900,6900,6900,6900,6900,6900,6900,6900,6900,6900,6900,6900,6900,6900,6900,6900,6900,6900,6900,6900,6900,6900,6900,6900,6900,6900,6900,6865,6865,6865,6862,6862,6862,6862,6862,6862,6862,6862,6862,6862,6865,6865,6865,6865,6865,6865,6865,6865,6865,6865,6865,6865,6865,6865,6865,6865,6865,6865,6865,6865,6865,6865,6865,6865,6865,6865,6865,6865,6865,6865,6862,6862,6862,6862,6862,6862,6862,6862,6862,6862,6865,6865,6865,6865,6865,6865,6865,6865,6865,6865,6865,6865,6865,6865,6865,6865,6865,6865,6865,6865,
6865,6865,6865,6865,6865,6865,6865,6865,6865,6865,6862,6862,6862,6862,6862,6862,6862,6862,6862,6862,6865,6865,6865,6865,6865,6865,6865,6865,6865,6865,6865,6865,6865,6865,6865,6865,6865,6865,6865,6865,6900,6900,6900,6900,6900,6900,6900,6900,6900,6900,6900,6900,6900,6900,6900,6900,6900,6900,6900,6900,6900,6900,6900,6900,6900,6900,6900,6900,6900,6900,6900,6900,6900,6900,6900,6900,6900,6865,6865,6865,6862,6862,6862,6862,6862,6862,6862,6862,6862,6862,6865,6865,6865,6865,6865,6865,6865,6865,6865,6865,6865,6865,6865,6865,6865,6865,6865,6865,6865,6865,6865,6865,6865,6865,6865,6865,6865,6865,6865,6865,6862,6862,6862,6862,6862,6862,6862,6862,6862,6862,6865,6865,6865,6865,6865,6865,6865,6865,6865,6865,6865,6865,6865,6865,6865,6865,6865,6865,6865,6865,
6865,6865,6865,6865,6865,6865,6865,6865,6865,6865,6862,6862,6862,6862,6862,6862,6862,6862,6862,6862,6865,6865,6865,6865,6865,6865,6865,6865,6865,6865,6865,6865,6865,6865,6865,6865,6865,6865,6865,6865,6865,6865,6865,6865,6865,6865,6865,6865,6865,6865,6865,6865,6865,6865,6865,6865,6865,6865,6865,6865,6865,6865,6865,6865,6865,6865,6865,6865,6865,6865,6865,6865,6865,6865,6865,6865,6865,6865,6865,6865,6862,6862,6862,6862,6862,6862,6862,6862,6862,6862,6865,6865,6865,6865,6865,6865,6865,6865,6865,6865,6865,6865,6865,6865,6865,6865,6865,6865,6865,6865,6865,6865,6865,6865,6865,6865,6865,6865,6865,6865,6862,6862,6862,6862,6862,6862,6862,6862,6862,6862,6865,6865,6865,6865,6865,6865,6865,6865,6865,6865,6865,6865,6865,6865,6865,6865,6865,6865,6865,6865,
6865,6865,6865,6865,6865,6865,6865,6865,6865,6865,6862,6862,6862,6862,6862,6862,6862,6862,6862,6862,6865,6865,6865,6865,6865,6865,6865,6865,6865,6865,6865,6865,6865,6865,6865,6865,6865,6865,6865,6865,6865,6865,6865,6865,6865,6865,6865,6865,6865,6865,6865,6865,6865,6865,6865,6865,6865,6865,6865,6865,6865,6865,6865,6865,6865,6865,6865,6865,6865,6865,6865,6865,6865,6865,6865,6865,6865,6865,6865,6865,6862,6862,6862,6862,6862,6862,6862,6862,6862,6862,6865,6865,6865,6865,6865,6865,6865,6865,6865,6865,6865,6865,6865,6865,6865,6865,6865,6865,6865,6865,6865,6865,6865,6865,6865,6865,6865,6865,6865,6865,6862,6862,6862,6862,6862,6862,6862,6862,6862,6862,6865,6865,6865,6865,6865,6865,6865,6865,6865,6865,6865,6865,6865,6865,6865,6865,6865,6865,6865,6865,
6865,6865,6865,6865,6865,6865,6865,6865,6865,6865,6862,6862,6862,6862,6862,6862,6862,6862,6862,6862,6865,6865,6865,6865,6865,6865,6865,6865,6865,6865,6865,6865,6865,6865,6865,6865,6865,6865,6865,6865,6865,6865,6865,6865,6865,6865,6865,6865,6865,6865,6865,6865,6865,6865,6865,6865,6865,6865,6865,6865,6865,6865,6865,6865,6865,6865,6865,6865,6865,6865,6865,6865,6865,6865,6865,6865,6865,6865,6865,6865,6862,6862,6862,6862,6862,6862,6862,6862,6862,6862,6865,6865,6865,6865,6865,6865,6865,6865,6865,6865,6865,6865,6865,6865,6865,6865,6865,6865,6865,6865,6865,6865,6865,6865,6865,6865,6865,6865,6865,6865,6862,6862,6862,6862,6862,6862,6862,6862,6862,6862,6865,6865,6865,6865,6865,6865,6865,6865,6865,6865,6865,6865,6865,6865,6865,6865,6865,6865,6865,6865,
6865,6865,6865,6865,6865,6865,6865,6865,6865,6865,6862,6862,6862,6862,6862,6862,6862,6862,6862,6862,6865,6865,6865,6865,6865,6865,6865,6865,6865,6865,6865,6865,6865,6865,6865,6865,6865,6865,6865,6865,6865,6865,6865,6865,6865,6865,6865,6865,6865,6865,6865,6865,6865,6865,6865,6865,6865,6865,6865,6865,6865,6865,6865,6865,6865,6865,6865,6865,6865,6865,6865,6865,6865,6865,6865,6865,6865,6865,6865,6865,6862,6862,6862,6862,6862,6862,6862,6862,6862,6862,6865,6865,6865,6865,6865,6865,6865,6865,6865,6865,6865,6865,6865,6865,6865,6865,6865,6865,6865,6865,6865,6865,6865,6865,6865,6865,6865,6865,6865,6865,6862,6862,6862,6862,6862,6862,6862,6862,6862,6862,6865,6865,6865,6865,6865,6865,6865,6865,6865,6865,6865,6865,6865,6865,6865,6865,6865,6865,6865,6865,
6890,6890,6890,6890,6890,6890,6890,6890,6890,6890,6890,6890,6890,6890,6890,6890,6890,6890,6890,6890,6890,6890,6890,6890,6890,6890,6890,6890,6890,6890,6890,6865,6865,6865,6865,6865,6865,6865,6865,6865,6865,6865,6865,6865,6865,6865,6865,6865,6865,6865,6865,6865,6865,6865,6865,6865,6865,6865,6865,6865,6865,6865,6865,6865,6865,6865,6865,6865,6865,6865,6865,6865,6865,6865,6865,6865,6865,6865,6865,6865,6862,6862,6862,6862,6862,6862,6862,6862,6862,6862,6865,6865,6865,6865,6865,6865,6865,6865,6865,6865,6865,6865,6865,6865,6865,6865,6865,6865,6865,6865,6865,6865,6865,6865,6865,6865,6865,6865,6865,6865,6862,6862,6862,6862,6862,6862,6862,6862,6862,6862,6865,6865,6865,6865,6865,6865,6865,6865,6865,6865,6865,6865,6865,6865,6865,6865,6865,6865,6865,6865,
6890,6890,6890,6890,6890,6890,6890,6890,6890,6890,6890,6890,6890,6890,6890,6890,6890,6890,6890,6890,6890,6890,6890,6890,6890,6890,6890,6890,6890,6890,6890,6865,6865,6865,6865,6865,6865,6865,6865,6865,6865,6865,6865,6865,6865,6865,6865,6865,6865,6865,6865,6865,6865,6865,6865,6865,6865,6865,6865,6865,6865,6865,6865,6865,6865,6865,6865,6865,6865,6850,6850,6850,6850,6850,6850,6850,6850,6850,6850,6850,6850,6850,6850,6850,6850,6850,6850,6850,6850,6850,6850,6850,6850,6850,6850,6850,6850,6850,6850,6850,6850,6850,6850,6865,6865,6865,6865,6865,6865,6865,6865,6865,6865,6913,6913,6913,6913,6913,6913,6913,6913,6913,6913,6913,6913,6913,6913,6913,6913,6913,6913,6913,6913,6913,6913,6913,6913,6913,6913,6913,6913,6913,6913,6913,6913,6913,6913,6913,6913,6913,
6890,6890,6890,6890,6890,6890,6890,6890,6890,6890,6890,6890,6890,6890,6890,6890,6890,6890,6890,6890,6890,6890,6890,6890,6890,6890,6890,6890,6890,6890,6890,6865,6865,6865,6865,6865,6865,6865,6865,6865,6865,6865,6865,6865,6865,6865,6865,6865,6865,6865,6865,6865,6865,6865,6865,6865,6865,6865,6865,6865,6865,6865,6865,6865,6865,6865,6865,6865,6865,6850,6850,6850,6850,6850,6850,6850,6850,6850,6850,6850,6850,6850,6850,6850,6850,6850,6850,6850,6850,6850,6850,6850,6850,6850,6850,6850,6850,6850,6850,6850,6850,6850,6850,6865,6865,6865,6865,6865,6865,6865,6865,6865,6865,6913,6913,6913,6913,6913,6913,6913,6913,6913,6913,6913,6913,6913,6913,6913,6913,6913,6913,6913,6913,6913,6913,6913,6913,6913,6913,6913,6913,6913,6913,6913,6913,6913,6913,6913,6913,6913,
6890,6890,6890,6890,6890,6890,6890,6890,6890,6890,6890,6890,6890,6890,6890,6890,6890,6890,6890,6890,6890,6890,6890,6890,6890,6890,6890,6890,6890,6890,6890,6865,6865,6865,6865,6865,6865,6865,6865,6865,6865,6865,6865,6865,6865,6865,6865,6865,6865,6865,6865,6865,6865,6865,6865,6865,6865,6865,6865,6865,6865,6865,6865,6865,6865,6865,6865,6865,6865,6850,6850,6850,6850,6850,6850,6850,6850,6850,6850,6850,6850,6850,6850,6850,6850,6850,6850,6850,6850,6850,6850,6850,6850,6850,6850,6850,6850,6850,6850,6850,6850,6850,6850,6865,6865,6865,6865,6865,6865,6865,6865,6865,6865,6913,6913,6913,6913,6913,6913,6913,6913,6913,6913,6913,6913,6913,6913,6913,6913,6913,6913,6913,6913,6913,6913,6913,6913,6913,6913,6913,6913,6913,6913,6913,6913,6913,6913,6913,6913,6913,
6890,6890,6890,6890,6890,6890,6890,6890,6890,6890,6890,6890,6890,6890,6890,6890,6890,6890,6890,6890,6890,6890,6890,6890,6890,6890,6890,6890,6890,6890,6890,6865,6865,6865,6865,6865,6865,6865,6865,6865,6865,6865,6865,6865,6865,6865,6865,6865,6865,6865,6865,6865,6865,6865,6865,6865,6865,6865,6865,6865,6865,6865,6865,6865,6865,6865,6865,6865,6865,6850,6850,6850,6850,6850,6850,6850,6850,6850,6850,6850,6850,6850,6850,6850,6850,6850,6850,6850,6850,6850,6850,6850,6850,6850,6850,6850,6850,6850,6850,6850,6850,6850,6850,6865,6865,6865,6865,6865,6865,6865,6865,6865,6865,6913,6913,6913,6913,6913,6913,6913,6913,6913,6913,6913,6913,6913,6913,6913,6913,6913,6913,6913,6913,6913,6913,6913,6913,6913,6913,6913,6913,6913,6913,6913,6913,6913,6913,6913,6913,6913,
6890,6890,6890,6890,6890,6890,6890,6890,6890,6890,6890,6890,6890,6890,6890,6890,6890,6890,6890,6890,6890,6890,6890,6890,6890,6890,6890,6890,6890,6890,6890,6865,6865,6865,6865,6865,6865,6865,6865,6865,6865,6865,6865,6865,6865,6865,6865,6865,6865,6865,6865,6865,6865,6865,6865,6865,6865,6865,6865,6865,6865,6865,6865,6865,6865,6865,6865,6865,6865,6850,6850,6850,6850,6850,6850,6850,6850,6850,6850,6850,6850,6850,6850,6850,6850,6850,6850,6850,6850,6850,6850,6850,6850,6850,6850,6850,6850,6850,6850,6850,6850,6850,6850,6865,6865,6865,6865,6865,6865,6865,6865,6865,6865,6913,6913,6913,6913,6913,6913,6913,6913,6913,6913,6913,6913,6913,6913,6913,6913,6913,6913,6913,6913,6913,6913,6913,6913,6913,6913,6913,6913,6913,6913,6913,6913,6913,6913,6913,6913,6913,
6890,6890,6890,6890,6890,6890,6890,6890,6890,6890,6890,6890,6890,6890,6890,6890,6890,6890,6890,6890,6890,6890,6890,6890,6890,6890,6890,6890,6890,6890,6890,6865,6865,6865,6865,6865,6865,6865,6865,6865,6865,6865,6865,6865,6865,6865,6865,6865,6865,6865,6865,6865,6865,6865,6865,6865,6865,6865,6865,6865,6865,6865,6865,6865,6865,6865,6865,6865,6865,6850,6850,6850,6850,6850,6850,6850,6850,6850,6850,6850,6850,6850,6850,6850,6850,6850,6850,6850,6850,6850,6850,6850,6850,6850,6850,6850,6850,6850,6850,6850,6850,6850,6850,6865,6865,6865,6865,6865,6865,6865,6865,6865,6865,6913,6913,6913,6913,6913,6913,6913,6913,6913,6913,6913,6913,6913,6913,6913,6913,6913,6913,6913,6913,6913,6913,6913,6913,6913,6913,6913,6913,6913,6913,6913,6913,6913,6913,6913,6913,6913,
6890,6890,6890,6890,6890,6890,6890,6890,6890,6890,6890,6890,6890,6890,6890,6890,6890,6890,6890,6890,6890,6890,6890,6890,6890,6890,6890,6890,6890,6890,6890,6865,6865,6865,6865,6865,6865,6865,6865,6865,6865,6865,6865,6865,6865,6865,6865,6865,6865,6865,6865,6865,6865,6865,6865,6865,6865,6865,6865,6865,6865,6865,6865,6865,6865,6865,6865,6865,6865,6850,6850,6850,6850,6850,6850,6850,6850,6850,6850,6850,6850,6850,6850,6850,6850,6850,6850,6850,6850,6850,6850,6850,6850,6850,6850,6850,6850,6850,6850,6850,6850,6850,6850,6865,6865,6865,6865,6865,6865,6865,6865,6865,6865,6913,6913,6913,6913,6913,6913,6913,6913,6913,6913,6913,6913,6913,6913,6913,6913,6913,6913,6913,6913,6913,6913,6913,6913,6913,6913,6913,6913,6913,6913,6913,6913,6913,6913,6913,6913,6913,
6890,6890,6890,6890,6890,6890,6890,6890,6890,6890,6890,6890,6890,6890,6890,6890,6890,6890,6890,6890,6890,6890,6890,6890,6890,6890,6890,6890,6890,6890,6890,6865,6865,6865,6865,6865,6865,6865,6865,6865,6865,6865,6865,6865,6865,6865,6865,6865,6865,6865,6865,6865,6865,6865,6865,6865,6865,6865,6865,6865,6865,6865,6865,6865,6865,6865,6865,6865,6865,6850,6850,6850,6850,6850,6850,6850,6850,6850,6850,6850,6850,6850,6850,6850,6850,6850,6850,6850,6850,6850,6850,6850,6850,6850,6850,6850,6850,6850,6850,6850,6850,6850,6850,6865,6865,6865,6865,6865,6865,6865,6865,6865,6865,6913,6913,6913,6913,6913,6913,6913,6913,6913,6913,6913,6913,6913,6913,6913,6913,6913,6913,6913,6913,6913,6913,6913,6913,6913,6913,6913,6913,6913,6913,6913,6913,6913,6913,6913,6913,6913,
6890,6890,6890,6890,6890,6890,6890,6890,6890,6890,6890,6890,6890,6890,6890,6890,6890,6890,6890,6890,6890,6890,6890,6890,6890,6890,6890,6890,6890,6890,6890,6865,6865,6865,6865,6865,6865,6865,6865,6865,6865,6865,6865,6865,6865,6865,6865,6865,6865,6865,6865,6865,6865,6865,6865,6865,6865,6865,6865,6865,6865,6865,6865,6865,6865,6865,6865,6865,6865,6850,6850,6850,6850,6850,6850,6850,6850,6850,6850,6850,6850,6850,6850,6850,6850,6850,6850,6850,6850,6850,6850,6850,6850,6850,6850,6850,6850,6850,6850,6850,6850,6850,6850,6865,6865,6865,6865,6865,6865,6865,6865,6865,6865,6913,6913,6913,6913,6913,6913,6913,6913,6913,6913,6913,6913,6913,6913,6913,6913,6913,6913,6913,6913,6913,6913,6913,6913,6913,6913,6913,6913,6913,6913,6913,6913,6913,6913,6913,6913,6913,
6890,6890,6890,6890,6890,6890,6890,6890,6890,6890,6890,6890,6890,6890,6890,6890,6890,6890,6890,6890,6890,6890,6890,6890,6890,6890,6890,6890,6890,6890,6890,6865,6865,6865,6865,6865,6865,6865,6865,6865,6865,6865,6865,6865,6865,6865,6865,6865,6865,6865,6865,6865,6865,6865,6865,6865,6865,6865,6865,6865,6865,6865,6865,6865,6865,6865,6865,6865,6865,6850,6850,6850,6850,6850,6850,6850,6850,6850,6850,6850,6850,6850,6850,6850,6850,6850,6850,6850,6850,6850,6850,6850,6850,6850,6850,6850,6850,6850,6850,6850,6850,6850,6850,6865,6865,6865,6865,6865,6865,6865,6865,6865,6865,6913,6913,6913,6913,6913,6913,6913,6913,6913,6913,6913,6913,6913,6913,6913,6913,6913,6913,6913,6913,6913,6913,6913,6913,6913,6913,6913,6913,6913,6913,6913,6913,6913,6913,6913,6913,6913,
6890,6890,6890,6890,6890,6890,6890,6890,6890,6890,6890,6890,6890,6890,6890,6890,6890,6890,6890,6890,6890,6890,6890,6890,6890,6890,6890,6890,6890,6890,6890,6865,6865,6865,6865,6865,6865,6865,6865,6865,6865,6865,6865,6865,6865,6865,6865,6865,6865,6865,6865,6865,6865,6865,6865,6865,6865,6865,6865,6865,6865,6865,6865,6865,6865,6865,6865,6865,6865,6850,6850,6850,6850,6850,6850,6850,6850,6850,6850,6850,6850,6850,6850,6850,6850,6850,6850,6850,6850,6850,6850,6850,6850,6850,6850,6850,6850,6850,6850,6850,6850,6850,6850,6865,6865,6865,6865,6865,6865,6865,6865,6865,6865,6913,6913,6913,6913,6913,6913,6913,6913,6913,6913,6913,6913,6913,6913,6913,6913,6913,6913,6913,6913,6913,6913,6913,6913,6913,6913,6913,6913,6913,6913,6913,6913,6913,6913,6913,6913,6913,
6890,6890,6890,6890,6890,6890,6890,6890,6890,6890,6890,6890,6890,6890,6890,6890,6890,6890,6890,6890,6890,6890,6890,6890,6890,6890,6890,6890,6890,6890,6890,6865,6865,6865,6865,6865,6865,6865,6865,6865,6865,6865,6865,6865,6865,6865,6865,6865,6865,6865,6865,6865,6865,6865,6865,6865,6865,6865,6865,6865,6865,6865,6865,6865,6865,6865,6865,6865,6865,6850,6850,6850,6850,6850,6850,6850,6850,6850,6850,6850,6850,6850,6850,6850,6850,6850,6850,6850,6850,6850,6850,6850,6850,6850,6850,6850,6850,6850,6850,6850,6850,6850,6850,6865,6865,6865,6865,6865,6865,6865,6865,6865,6865,6913,6913,6913,6913,6913,6913,6913,6913,6913,6913,6913,6913,6913,6913,6913,6913,6913,6913,6913,6913,6913,6913,6913,6913,6913,6913,6913,6913,6913,6913,6913,6913,6913,6913,6913,6913,6913,
6890,6890,6890,6890,6890,6890,6890,6890,6890,6890,6890,6890,6890,6890,6890,6890,6890,6890,6890,6890,6890,6890,6890,6890,6890,6890,6890,6890,6890,6890,6890,6865,6865,6865,6865,6865,6865,6865,6865,6865,6865,6865,6865,6865,6865,6865,6865,6865,6865,6865,6865,6865,6865,6865,6865,6865,6865,6865,6865,6865,6865,6865,6865,6865,6865,6865,6865,6865,6865,6850,6850,6850,6850,6850,6850,6850,6850,6850,6850,6850,6850,6850,6850,6850,6850,6850,6850,6850,6850,6850,6850,6850,6850,6850,6850,6850,6850,6850,6850,6850,6850,6850,6850,6865,6865,6865,6865,6865,6865,6865,6865,6865,6865,6913,6913,6913,6913,6913,6913,6913,6913,6913,6913,6913,6913,6913,6913,6913,6913,6913,6913,6913,6913,6913,6913,6913,6913,6913,6913,6913,6913,6913,6913,6913,6913,6913,6913,6913,6913,6913,
6890,6890,6890,6890,6890,6890,6890,6890,6890,6890,6890,6890,6890,6890,6890,6890,6890,6890,6890,6890,6890,6890,6890,6890,6890,6890,6890,6890,6890,6890,6890,6865,6865,6865,6865,6865,6865,6865,6865,6865,6865,6865,6865,6865,6865,6865,6865,6865,6865,6865,6865,6865,6865,6865,6865,6865,6865,6865,6865,6865,6865,6865,6865,6865,6865,6865,6865,6865,6865,6850,6850,6850,6850,6850,6850,6850,6850,6850,6850,6850,6850,6850,6850,6850,6850,6850,6850,6850,6850,6850,6850,6850,6850,6850,6850,6850,6850,6850,6850,6850,6850,6850,6850,6865,6865,6865,6865,6865,6865,6865,6865,6865,6865,6913,6913,6913,6913,6913,6913,6913,6913,6913,6913,6913,6913,6913,6913,6913,6913,6913,6913,6913,6913,6913,6913,6913,6913,6913,6913,6913,6913,6913,6913,6913,6913,6913,6913,6913,6913,6913,
6890,6890,6890,6890,6890,6890,6890,6890,6890,6890,6890,6890,6890,6890,6890,6890,6890,6890,6890,6890,6890,6890,6890,6890,6890,6890,6890,6890,6890,6890,6890,6865,6865,6865,6865,6865,6865,6865,6865,6865,6865,6865,6865,6865,6865,6865,6865,6865,6865,6865,6865,6865,6865,6865,6865,6865,6865,6865,6865,6865,6865,6865,6865,6865,6865,6865,6865,6865,6865,6850,6850,6850,6850,6850,6850,6850,6850,6850,6850,6850,6850,6850,6850,6850,6850,6850,6850,6850,6850,6850,6850,6850,6850,6850,6850,6850,6850,6850,6850,6850,6850,6850,6850,6865,6865,6865,6865,6865,6865,6865,6865,6865,6865,6913,6913,6913,6913,6913,6913,6913,6913,6913,6913,6913,6913,6913,6913,6913,6913,6913,6913,6913,6913,6913,6913,6913,6913,6913,6913,6913,6913,6913,6913,6913,6913,6913,6913,6913,6913,6913,
6890,6890,6890,6890,6890,6890,6890,6890,6890,6890,6890,6890,6890,6890,6890,6890,6890,6890,6890,6890,6890,6890,6890,6890,6890,6890,6890,6890,6890,6890,6890,6865,6865,6865,6865,6865,6865,6865,6865,6865,6865,6865,6865,6865,6865,6865,6865,6865,6865,6865,6865,6865,6865,6865,6865,6865,6865,6865,6865,6865,6865,6865,6865,6865,6865,6865,6865,6865,6865,6850,6850,6850,6850,6850,6850,6850,6850,6850,6850,6850,6850,6850,6850,6850,6850,6850,6850,6850,6850,6850,6850,6850,6850,6850,6850,6850,6850,6850,6850,6850,6850,6850,6850,6865,6865,6865,6865,6865,6865,6865,6865,6865,6865,6913,6913,6913,6913,6913,6913,6913,6913,6913,6913,6913,6913,6913,6913,6913,6913,6913,6913,6913,6913,6913,6913,6913,6913,6913,6913,6913,6913,6913,6913,6913,6913,6913,6913,6913,6913,6913,
6890,6890,6890,6890,6890,6890,6890,6890,6890,6890,6890,6890,6890,6890,6890,6890,6890,6890,6890,6890,6890,6890,6890,6890,6890,6890,6890,6890,6890,6890,6890,6865,6865,6865,6865,6865,6865,6865,6865,6865,6865,6865,6865,6865,6865,6865,6865,6865,6865,6865,6865,6865,6865,6865,6865,6865,6865,6865,6865,6865,6865,6865,6865,6865,6865,6865,6865,6865,6865,6850,6850,6850,6850,6850,6850,6850,6850,6850,6850,6850,6850,6850,6850,6850,6850,6850,6850,6850,6850,6850,6850,6850,6850,6850,6850,6850,6850,6850,6850,6850,6850,6850,6850,6865,6865,6865,6865,6865,6865,6865,6865,6865,6865,6913,6913,6913,6913,6913,6913,6913,6913,6913,6913,6913,6913,6913,6913,6913,6913,6913,6913,6913,6913,6913,6913,6913,6913,6913,6913,6913,6913,6913,6913,6913,6913,6913,6913,6913,6913,6913,
6890,6890,6890,6890,6890,6890,6890,6890,6890,6890,6890,6890,6890,6890,6890,6890,6890,6890,6890,6890,6890,6890,6890,6890,6890,6890,6890,6890,6890,6890,6890,6865,6865,6865,6865,6865,6865,6865,6865,6865,6865,6865,6865,6865,6865,6865,6865,6865,6865,6865,6865,6865,6865,6865,6865,6865,6865,6865,6865,6865,6865,6865,6865,6865,6865,6865,6865,6865,6865,6850,6850,6850,6850,6850,6850,6850,6850,6850,6850,6850,6850,6850,6850,6850,6850,6850,6850,6850,6850,6850,6850,6850,6850,6850,6850,6850,6850,6850,6850,6850,6850,6850,6850,6865,6865,6865,6865,6865,6865,6865,6865,6865,6865,6913,6913,6913,6913,6913,6913,6913,6913,6913,6913,6913,6913,6913,6913,6913,6913,6913,6913,6913,6913,6913,6913,6913,6913,6913,6913,6913,6913,6913,6913,6913,6913,6913,6913,6913,6913,6913,
6890,6890,6890,6890,6890,6890,6890,6890,6890,6890,6890,6890,6890,6890,6890,6890,6890,6890,6890,6890,6890,6890,6890,6890,6890,6890,6890,6890,6890,6890,6890,6865,6865,6865,6865,6865,6865,6865,6865,6865,6865,6865,6865,6865,6865,6865,6865,6865,6865,6865,6865,6865,6865,6865,6865,6865,6865,6865,6865,6865,6865,6865,6865,6865,6865,6865,6865,6865,6865,6850,6850,6850,6850,6850,6850,6850,6850,6850,6850,6850,6850,6850,6850,6850,6850,6850,6850,6850,6850,6850,6850,6850,6850,6850,6850,6850,6850,6850,6850,6850,6850,6850,6850,6865,6865,6865,6865,6865,6865,6865,6865,6865,6865,6913,6913,6913,6913,6913,6913,6913,6913,6913,6913,6913,6913,6913,6913,6913,6913,6913,6913,6913,6913,6913,6913,6913,6913,6913,6913,6913,6913,6913,6913,6913,6913,6913,6913,6913,6913,6913,
6890,6890,6890,6890,6890,6890,6890,6890,6890,6890,6890,6890,6890,6890,6890,6890,6890,6890,6890,6890,6890,6890,6890,6890,6890,6890,6890,6890,6890,6890,6890,6865,6865,6865,6865,6865,6865,6865,6865,6865,6865,6865,6865,6865,6865,6865,6865,6865,6865,6865,6865,6865,6865,6865,6865,6865,6865,6865,6865,6865,6865,6865,6865,6865,6865,6865,6865,6865,6865,6850,6850,6850,6850,6850,6850,6850,6850,6850,6850,6850,6850,6850,6850,6850,6850,6850,6850,6850,6850,6850,6850,6850,6850,6850,6850,6850,6850,6850,6850,6850,6850,6850,6850,6865,6865,6865,6865,6865,6865,6865,6865,6865,6865,6913,6913,6913,6913,6913,6913,6913,6913,6913,6913,6913,6913,6913,6913,6913,6913,6913,6913,6913,6913,6913,6913,6913,6913,6913,6913,6913,6913,6913,6913,6913,6913,6913,6913,6913,6913,6913,
6890,6890,6890,6890,6890,6890,6890,6890,6890,6890,6890,6890,6890,6890,6890,6890,6890,6890,6890,6890,6890,6890,6890,6890,6890,6890,6890,6890,6890,6890,6890,6865,6865,6865,6865,6865,6865,6865,6865,6865,6865,6865,6865,6865,6865,6865,6865,6865,6865,6865,6865,6865,6865,6865,6865,6865,6865,6865,6865,6865,6865,6865,6865,6865,6865,6865,6865,6865,6865,6850,6850,6850,6850,6850,6850,6850,6850,6850,6850,6850,6850,6850,6850,6850,6850,6850,6850,6850,6850,6850,6850,6850,6850,6850,6850,6850,6850,6850,6850,6850,6850,6850,6850,6865,6865,6865,6865,6865,6865,6865,6865,6865,6865,6913,6913,6913,6913,6913,6913,6913,6913,6913,6913,6913,6913,6913,6913,6913,6913,6913,6913,6913,6913,6913,6913,6913,6913,6913,6913,6913,6913,6913,6913,6913,6913,6913,6913,6913,6913,6913,
6890,6890,6890,6890,6890,6890,6890,6890,6890,6890,6890,6890,6890,6890,6890,6890,6890,6890,6890,6890,6890,6890,6890,6890,6890,6890,6890,6890,6890,6890,6890,6865,6865,6865,6865,6865,6865,6865,6865,6865,6865,6865,6865,6865,6865,6865,6865,6865,6865,6865,6865,6865,6865,6865,6865,6865,6865,6865,6865,6865,6865,6865,6865,6865,6865,6865,6865,6865,6865,6850,6850,6850,6850,6850,6850,6850,6850,6850,6850,6850,6850,6850,6850,6850,6850,6850,6850,6850,6850,6850,6850,6850,6850,6850,6850,6850,6850,6850,6850,6850,6850,6850,6850,6865,6865,6865,6865,6865,6865,6865,6865,6865,6865,6913,6913,6913,6913,6913,6913,6913,6913,6913,6913,6913,6913,6913,6913,6913,6913,6913,6913,6913,6913,6913,6913,6913,6913,6913,6913,6913,6913,6913,6913,6913,6913,6913,6913,6913,6913,6913
</data>
 </layer>
</map>